%YAML 1.0
---
tpl_0:
  cam_R_m2c: [0.99962913, 0.00255222, -0.02712779, 0.00037831, -0.99680752, -0.07983943, -0.02724502, 0.07979951, -0.99643821]
  cam_t_m2c: [-11.56634818, 22.63390184, 622.29414866]
  obj_bb: [97, 129, 202, 139]
  obj_id: 29
tpl_1:
  cam_R_m2c: [0.99566934, 0.08907374, -0.02660485, 0.08667810, -0.99296985, -0.08061408, -0.03359843, 0.07795895, -0.99638977]
  cam_t_m2c: [-11.27033530, 22.68136359, 622.45870769]
  obj_bb: [94, 122, 209, 153]
  obj_id: 29
tpl_2:
  cam_R_m2c: [0.98451050, 0.17324718, -0.02690936, 0.17064235, -0.98209773, -0.07978324, -0.04024982, 0.07395555, -0.99644897]
  cam_t_m2c: [-11.11540696, 22.73568128, 622.37192180]
  obj_bb: [90, 116, 216, 165]
  obj_id: 29
tpl_3:
  cam_R_m2c: [0.96545669, 0.25915872, -0.02703779, 0.25632265, -0.96325755, -0.08020620, -0.04683052, 0.07050528, -0.99641149]
  cam_t_m2c: [-10.92368126, 22.77370032, 622.42786289]
  obj_bb: [88, 111, 221, 176]
  obj_id: 29
tpl_4:
  cam_R_m2c: [0.93941453, 0.34170778, -0.02714544, 0.33867489, -0.93746338, -0.08038752, -0.05291695, 0.06632372, -0.99639363]
  cam_t_m2c: [-10.73573361, 22.82770951, 622.39838456]
  obj_bb: [87, 106, 224, 187]
  obj_id: 29
tpl_5:
  cam_R_m2c: [0.90571461, 0.42303003, -0.02695650, 0.41986872, -0.90404722, -0.08005766, -0.05823673, 0.06119119, -0.99642530]
  cam_t_m2c: [-10.52745919, 22.91613188, 622.35115405]
  obj_bb: [85, 101, 227, 197]
  obj_id: 29
tpl_6:
  cam_R_m2c: [0.86564125, 0.49994237, -0.02687686, 0.49664906, -0.86424615, -0.08011568, -0.06328147, 0.05600306, -0.99642291]
  cam_t_m2c: [-10.31979566, 23.02391081, 622.26904039]
  obj_bb: [85, 97, 228, 205]
  obj_id: 29
tpl_7:
  cam_R_m2c: [0.81815892, 0.57436401, -0.02687301, 0.57093571, -0.81704050, -0.08048293, -0.06818280, 0.05050508, -0.99639398]
  cam_t_m2c: [-10.14538366, 23.11107595, 622.23689012]
  obj_bb: [85, 94, 228, 212]
  obj_id: 29
tpl_8:
  cam_R_m2c: [0.76530226, 0.64311702, -0.02670255, 0.63957602, -0.76445058, -0.08098461, -0.07249542, 0.04489936, -0.99635809]
  cam_t_m2c: [-9.95665916, 23.23381060, 622.20417663]
  obj_bb: [86, 90, 225, 218]
  obj_id: 29
tpl_9:
  cam_R_m2c: [0.70665996, 0.70705932, -0.02643968, 0.70344135, -0.70608511, -0.08132372, -0.07616939, 0.03886933, -0.99633736]
  cam_t_m2c: [-9.76955516, 23.36244752, 622.15528336]
  obj_bb: [88, 88, 222, 223]
  obj_id: 29
tpl_10:
  cam_R_m2c: [0.64258477, 0.76576300, -0.02630546, 0.76206742, -0.64229727, -0.08189188, -0.07960575, 0.03257590, -0.99629442]
  cam_t_m2c: [-9.62925149, 23.49260955, 622.12145944]
  obj_bb: [90, 87, 218, 225]
  obj_id: 29
tpl_11:
  cam_R_m2c: [0.57251443, 0.81948430, -0.02592958, 0.81571785, -0.57250138, -0.08274521, -0.08265313, 0.02622155, -0.99623382]
  cam_t_m2c: [-9.46260590, 23.65120101, 622.10735035]
  obj_bb: [93, 86, 213, 228]
  obj_id: 29
tpl_12:
  cam_R_m2c: [0.49796007, 0.86681636, -0.02578699, 0.86306788, -0.49826769, -0.08272474, -0.08455603, 0.01893773, -0.99623908]
  cam_t_m2c: [-9.36732932, 23.83587986, 622.04542741]
  obj_bb: [96, 85, 205, 228]
  obj_id: 29
tpl_13:
  cam_R_m2c: [0.42209273, 0.90619330, -0.02553391, 0.90245383, -0.42269283, -0.08311100, -0.08610756, 0.01203731, -0.99621362]
  cam_t_m2c: [-9.27242936, 24.02735176, 622.01097643]
  obj_bb: [101, 86, 196, 227]
  obj_id: 29
tpl_14:
  cam_R_m2c: [0.34038211, 0.93994339, -0.02543700, 0.93622689, -0.34129905, -0.08362558, -0.08728488, 0.00464986, -0.99617239]
  cam_t_m2c: [-9.21867684, 24.22207853, 621.99182753]
  obj_bb: [105, 87, 188, 225]
  obj_id: 29
tpl_15:
  cam_R_m2c: [0.25596776, 0.96635819, -0.02514664, 0.96268401, -0.25718555, -0.08422735, -0.08786124, -0.00264886, -0.99612926]
  cam_t_m2c: [-9.16658261, 24.42000513, 622.00359274]
  obj_bb: [111, 89, 176, 220]
  obj_id: 29
tpl_16:
  cam_R_m2c: [0.17111337, 0.98494013, -0.02476025, 0.98143918, -0.17260628, -0.08357163, -0.08658676, -0.01000049, -0.99619459]
  cam_t_m2c: [-9.10207740, 24.63674409, 621.92769768]
  obj_bb: [117, 92, 165, 215]
  obj_id: 29
tpl_17:
  cam_R_m2c: [0.08628638, 0.99597741, -0.02416800, 0.99258186, -0.08802695, -0.08385787, -0.08564793, -0.01675296, -0.99618484]
  cam_t_m2c: [-9.04748999, 24.83073893, 621.93363243]
  obj_bb: [123, 95, 153, 209]
  obj_id: 29
tpl_18:
  cam_R_m2c: [-0.00026912, 0.99970134, -0.02442593, 0.99649289, -0.00177594, -0.08366434, -0.08368275, -0.02436272, -0.99619453]
  cam_t_m2c: [-9.12764891, 25.03532480, 621.85026738]
  obj_bb: [128, 98, 141, 202]
  obj_id: 29
tpl_19:
  cam_R_m2c: [-0.08701006, 0.99591794, -0.02403145, 0.99289915, 0.08473163, -0.08349768, -0.08112060, -0.03112593, -0.99621844]
  cam_t_m2c: [-9.14383680, 25.24879377, 621.87671289]
  obj_bb: [122, 95, 153, 209]
  obj_id: 29
tpl_20:
  cam_R_m2c: [-0.17450838, 0.98436512, -0.02391376, 0.98155775, 0.17198329, -0.08346311, -0.07804550, -0.03803772, -0.99622411]
  cam_t_m2c: [-9.18766971, 25.44027185, 621.81473392]
  obj_bb: [115, 92, 166, 216]
  obj_id: 29
tpl_21:
  cam_R_m2c: [-0.26198500, 0.96477846, -0.02379751, 0.96221762, 0.25923606, -0.08326615, -0.07416426, -0.04471290, -0.99624363]
  cam_t_m2c: [-9.26962245, 25.64576554, 621.80285698]
  obj_bb: [109, 89, 178, 221]
  obj_id: 29
tpl_22:
  cam_R_m2c: [-0.34473706, 0.93840322, -0.02358511, 0.93608283, 0.34179352, -0.08322108, -0.07003368, -0.05076703, -0.99625211]
  cam_t_m2c: [-9.33450757, 25.83315953, 621.78950831]
  obj_bb: [104, 87, 188, 225]
  obj_id: 29
tpl_23:
  cam_R_m2c: [-0.42321276, 0.90573469, -0.02312657, 0.90368737, 0.42014712, -0.08261823, -0.06511365, -0.05586435, -0.99631249]
  cam_t_m2c: [-9.38607000, 26.00523124, 621.75636508]
  obj_bb: [99, 86, 198, 227]
  obj_id: 29
tpl_24:
  cam_R_m2c: [-0.50168282, 0.86475097, -0.02280837, 0.86298078, 0.49848365, -0.08233080, -0.05982602, -0.06098715, -0.99634415]
  cam_t_m2c: [-9.46384542, 26.17254139, 621.71536174]
  obj_bb: [95, 85, 206, 228]
  obj_id: 29
tpl_25:
  cam_R_m2c: [-0.57370936, 0.81874994, -0.02250779, 0.81723235, 0.57037916, -0.08246001, -0.05467610, -0.06570209, -0.99634039]
  cam_t_m2c: [-9.55385682, 26.30925020, 621.71057917]
  obj_bb: [91, 86, 213, 227]
  obj_id: 29
tpl_26:
  cam_R_m2c: [-0.64508479, 0.76379393, -0.02199921, 0.76253206, 0.64163532, -0.08276330, -0.04909869, -0.07016452, -0.99632616]
  cam_t_m2c: [-9.62576272, 26.45918727, 621.72731859]
  obj_bb: [89, 87, 219, 226]
  obj_id: 29
tpl_27:
  cam_R_m2c: [-0.70905646, 0.70481851, -0.02165133, 0.70386001, 0.70556813, -0.08218712, -0.04265059, -0.07351490, -0.99638214]
  cam_t_m2c: [-9.72215798, 26.60828789, 621.65627787]
  obj_bb: [87, 89, 223, 222]
  obj_id: 29
tpl_28:
  cam_R_m2c: [-0.76862126, 0.63934700, -0.02135974, 0.63867185, 0.76505848, -0.08235875, -0.03631431, -0.07694454, -0.99637371]
  cam_t_m2c: [-9.85367036, 26.73076900, 621.67382368]
  obj_bb: [85, 90, 227, 218]
  obj_id: 29
tpl_29:
  cam_R_m2c: [-0.82033130, 0.57150122, -0.02104478, 0.57109982, 0.81671502, -0.08259007, -0.03001266, -0.07976989, -0.99636126]
  cam_t_m2c: [-9.97190320, 26.85309017, 621.68936055]
  obj_bb: [84, 93, 228, 212]
  obj_id: 29
tpl_30:
  cam_R_m2c: [-0.86763048, 0.49677838, -0.02069155, 0.49667194, 0.86400627, -0.08252082, -0.02311698, -0.08187446, -0.99637499]
  cam_t_m2c: [-10.10229575, 26.95784670, 621.69794787]
  obj_bb: [84, 97, 228, 205]
  obj_id: 29
tpl_31:
  cam_R_m2c: [-0.90745662, 0.41965160, -0.02036492, 0.41982803, 0.90382118, -0.08277400, -0.01633003, -0.08366359, -0.99636038]
  cam_t_m2c: [-10.23747697, 27.06030878, 621.73927896]
  obj_bb: [86, 101, 227, 197]
  obj_id: 29
tpl_32:
  cam_R_m2c: [-0.94042948, 0.33938792, -0.02019711, 0.33985920, 0.93677349, -0.08336824, -0.00937405, -0.08526613, -0.99631440]
  cam_t_m2c: [-10.42742091, 27.12206550, 621.78230712]
  obj_bb: [86, 106, 225, 187]
  obj_id: 29
tpl_33:
  cam_R_m2c: [-0.96626617, 0.25676143, -0.02008513, 0.25753725, 0.96266270, -0.08339430, -0.00207729, -0.08575375, -0.99631377]
  cam_t_m2c: [-10.62283002, 27.20616705, 621.85980462]
  obj_bb: [88, 110, 221, 177]
  obj_id: 29
tpl_34:
  cam_R_m2c: [-0.98516696, 0.17045044, -0.01982807, 0.17151424, 0.98172636, -0.08244441, 0.00541302, -0.08462226, -0.99639806]
  cam_t_m2c: [-10.80127560, 27.28777149, 621.83302361]
  obj_bb: [92, 116, 215, 165]
  obj_id: 29
tpl_35:
  cam_R_m2c: [-0.99624761, 0.08437700, -0.01927472, 0.08569114, 0.99288821, -0.08264541, 0.01216431, -0.08398704, -0.99639270]
  cam_t_m2c: [-10.94366445, 27.32115458, 621.92367518]
  obj_bb: [95, 122, 208, 153]
  obj_id: 29
tpl_36:
  cam_R_m2c: [-0.99980215, -0.00196814, -0.01981448, -0.00033187, 0.99661149, -0.08224659, 0.01990929, -0.08222370, -0.99641498]
  cam_t_m2c: [-11.26087272, 27.32252508, 621.87800007]
  obj_bb: [97, 129, 202, 139]
  obj_id: 29
tpl_37:
  cam_R_m2c: [-0.99573577, -0.09023916, -0.01917952, -0.08837033, 0.99266036, -0.08255387, 0.02648831, -0.08050692, -0.99640219]
  cam_t_m2c: [-11.37523830, 27.36368395, 622.07511606]
  obj_bb: [94, 122, 209, 153]
  obj_id: 29
tpl_38:
  cam_R_m2c: [-0.98417267, -0.17616095, -0.01925046, -0.17405145, 0.98133034, -0.08183224, 0.03330664, -0.07718652, -0.99646047]
  cam_t_m2c: [-11.59987357, 27.35522512, 622.01236646]
  obj_bb: [90, 116, 216, 166]
  obj_id: 29
tpl_39:
  cam_R_m2c: [-0.96483808, -0.26212362, -0.01945470, -0.25975718, 0.96220064, -0.08183454, 0.04017005, -0.07390354, -0.99645590]
  cam_t_m2c: [-11.84639995, 27.31063601, 622.08443907]
  obj_bb: [87, 110, 221, 178]
  obj_id: 29
tpl_40:
  cam_R_m2c: [-0.93900883, -0.34333921, -0.01951821, -0.34077581, 0.93662081, -0.08132541, 0.04620334, -0.06971391, -0.99649658]
  cam_t_m2c: [-12.06228882, 27.28077669, 622.06720320]
  obj_bb: [86, 105, 225, 188]
  obj_id: 29
tpl_41:
  cam_R_m2c: [-0.90506672, -0.42482923, -0.01935907, -0.42211548, 0.90295617, -0.08055322, 0.05170178, -0.06473429, -0.99656252]
  cam_t_m2c: [-12.25587412, 27.19518995, 622.02017852]
  obj_bb: [85, 100, 227, 197]
  obj_id: 29
tpl_42:
  cam_R_m2c: [-0.86485765, -0.50163619, -0.01957240, -0.49876708, 0.86303336, -0.08003643, 0.05704081, -0.05945801, -0.99659994]
  cam_t_m2c: [-12.46552996, 27.10129650, 621.99279516]
  obj_bb: [84, 96, 228, 205]
  obj_id: 29
tpl_43:
  cam_R_m2c: [-0.81728097, -0.57590617, -0.01958100, -0.57289955, 0.81572837, -0.07983770, 0.06195184, -0.05403188, -0.99661589]
  cam_t_m2c: [-12.65506710, 26.98108097, 621.98812018]
  obj_bb: [85, 93, 228, 213]
  obj_id: 29
tpl_44:
  cam_R_m2c: [-0.76427548, -0.64459554, -0.01949059, -0.64148526, 0.76299437, -0.07959979, 0.06618088, -0.04833320, -0.99663651]
  cam_t_m2c: [-12.79400545, 26.84418493, 621.98650708]
  obj_bb: [86, 90, 226, 219]
  obj_id: 29
tpl_45:
  cam_R_m2c: [-0.70550441, -0.70844155, -0.01934432, -0.70527776, 0.70451217, -0.07903541, 0.06962027, -0.04211673, -0.99668445]
  cam_t_m2c: [-12.89601528, 26.72744862, 621.96194072]
  obj_bb: [87, 88, 223, 223]
  obj_id: 29
tpl_46:
  cam_R_m2c: [-0.64146732, -0.76690385, -0.01944364, -0.76366530, 0.64076144, -0.07900199, 0.07304567, -0.03582879, -0.99668435]
  cam_t_m2c: [-13.04592242, 26.56749513, 621.96603568]
  obj_bb: [89, 86, 218, 226]
  obj_id: 29
tpl_47:
  cam_R_m2c: [-0.57020831, -0.82126948, -0.01946497, -0.81800830, 0.56980725, -0.07862867, 0.07566668, -0.02891230, -0.99671354]
  cam_t_m2c: [-13.15895431, 26.41920469, 621.95745266]
  obj_bb: [93, 86, 212, 228]
  obj_id: 29
tpl_48:
  cam_R_m2c: [-0.49812950, -0.86688048, -0.01963999, -0.86361002, 0.49802647, -0.07840531, 0.07774918, -0.02209472, -0.99672785]
  cam_t_m2c: [-13.27231993, 26.25618853, 621.94348999]
  obj_bb: [96, 85, 205, 228]
  obj_id: 29
tpl_49:
  cam_R_m2c: [-0.42116569, -0.90676237, -0.02004321, -0.90354059, 0.42138796, -0.07776129, 0.07895703, -0.01464061, -0.99677019]
  cam_t_m2c: [-13.40898714, 26.11202280, 621.93784446]
  obj_bb: [100, 86, 197, 227]
  obj_id: 29
tpl_50:
  cam_R_m2c: [-0.33967716, -0.94032233, -0.02034968, -0.93713301, 0.34020732, -0.07772588, 0.08001045, -0.00733140, -0.99676698]
  cam_t_m2c: [-13.51174851, 25.94878034, 621.95996917]
  obj_bb: [105, 87, 187, 224]
  obj_id: 29
tpl_51:
  cam_R_m2c: [-0.25713331, -0.96614971, -0.02091391, -0.96306794, 0.25798222, -0.07710611, 0.07989145, 0.00031494, -0.99680373]
  cam_t_m2c: [-13.62424600, 25.76984483, 621.94482243]
  obj_bb: [111, 89, 177, 221]
  obj_id: 29
tpl_52:
  cam_R_m2c: [-0.17391343, -0.98453213, -0.02123323, -0.98157662, 0.17504261, -0.07659664, 0.07912856, 0.00752090, -0.99683617]
  cam_t_m2c: [-13.67915009, 25.62726957, 621.98180022]
  obj_bb: [117, 91, 165, 216]
  obj_id: 29
tpl_53:
  cam_R_m2c: [-0.08666152, -0.99600414, -0.02155536, -0.99317799, 0.08806991, -0.07642324, 0.07801628, 0.01478535, -0.99684239]
  cam_t_m2c: [-13.72967387, 25.42459234, 622.01441733]
  obj_bb: [123, 94, 152, 209]
  obj_id: 29
tpl_54:
  cam_R_m2c: [-0.00037072, -0.99974281, -0.02267652, -0.99710663, 0.00209339, -0.07599004, 0.07601796, 0.02258276, -0.99685061]
  cam_t_m2c: [-13.88447438, 25.20616739, 621.94580081]
  obj_bb: [128, 99, 140, 201]
  obj_id: 29
tpl_55:
  cam_R_m2c: [0.08771661, -0.99588190, -0.02291750, -0.99340259, -0.08574606, -0.07614428, 0.07386571, 0.02944545, -0.99683315]
  cam_t_m2c: [-13.86201596, 25.02718541, 622.03786803]
  obj_bb: [121, 95, 153, 209]
  obj_id: 29
tpl_56:
  cam_R_m2c: [0.17179289, -0.98485790, -0.02327449, -0.98259402, -0.16960756, -0.07577261, 0.07067772, 0.03588659, -0.99685301]
  cam_t_m2c: [-13.84025895, 24.83092983, 621.99748592]
  obj_bb: [115, 91, 166, 216]
  obj_id: 29
tpl_57:
  cam_R_m2c: [0.25770803, -0.96592763, -0.02387379, -0.96389162, -0.25529220, -0.07575648, 0.06708047, 0.04253472, -0.99684048]
  cam_t_m2c: [-13.84875194, 24.61479145, 621.99233984]
  obj_bb: [110, 89, 177, 221]
  obj_id: 29
tpl_58:
  cam_R_m2c: [0.34175507, -0.93947381, -0.02433142, -0.93768861, -0.33914666, -0.07563529, 0.06280553, 0.04866405, -0.99683851]
  cam_t_m2c: [-13.81077520, 24.40599658, 621.96659011]
  obj_bb: [104, 87, 188, 224]
  obj_id: 29
tpl_59:
  cam_R_m2c: [0.42162193, -0.90643592, -0.02467767, -0.90488374, -0.41883229, -0.07592626, 0.05848645, 0.05434263, -0.99680831]
  cam_t_m2c: [-13.74212370, 24.19263608, 621.99523038]
  obj_bb: [100, 85, 197, 227]
  obj_id: 29
tpl_60:
  cam_R_m2c: [0.49854130, -0.86649945, -0.02520520, -0.86521927, -0.49559174, -0.07604930, 0.05340525, 0.05972167, -0.99678541]
  cam_t_m2c: [-13.68915380, 23.97375124, 622.00097467]
  obj_bb: [96, 85, 205, 228]
  obj_id: 29
tpl_61:
  cam_R_m2c: [0.57177648, -0.82002023, -0.02527827, -0.81898641, -0.56870003, -0.07643860, 0.04830536, 0.06440839, -0.99675334]
  cam_t_m2c: [-13.54660889, 23.77044156, 622.04179774]
  obj_bb: [92, 85, 213, 228]
  obj_id: 29
tpl_62:
  cam_R_m2c: [0.64418112, -0.76444614, -0.02554863, -0.76370853, -0.64099832, -0.07662176, 0.04219660, 0.06887005, -0.99673271]
  cam_t_m2c: [-13.41187842, 23.57409771, 622.02259696]
  obj_bb: [89, 86, 218, 226]
  obj_id: 29
tpl_63:
  cam_R_m2c: [0.70586652, -0.70788196, -0.02560496, -0.70740462, -0.70260609, -0.07696404, 0.03649130, 0.07243933, -0.99670536]
  cam_t_m2c: [-13.23557503, 23.40770071, 622.01817711]
  obj_bb: [87, 88, 223, 223]
  obj_id: 29
tpl_64:
  cam_R_m2c: [0.76453345, -0.64406737, -0.02579417, -0.64386850, -0.76118820, -0.07763189, 0.03036608, 0.07596027, -0.99664853]
  cam_t_m2c: [-13.07965320, 23.23405716, 622.04309084]
  obj_bb: [86, 90, 226, 218]
  obj_id: 29
tpl_65:
  cam_R_m2c: [0.81739695, -0.57549533, -0.02583657, -0.57557936, -0.81401046, -0.07807380, 0.02389987, 0.07868823, -0.99661240]
  cam_t_m2c: [-12.88359906, 23.09263775, 622.06455550]
  obj_bb: [84, 92, 228, 213]
  obj_id: 29
tpl_66:
  cam_R_m2c: [0.86497547, -0.50114265, -0.02595101, -0.50152542, -0.86156732, -0.07857731, 0.01701989, 0.08098261, -0.99656976]
  cam_t_m2c: [-12.68589743, 22.95918021, 622.09045357]
  obj_bb: [85, 97, 228, 205]
  obj_id: 29
tpl_67:
  cam_R_m2c: [0.90576122, -0.42298194, -0.02613264, -0.42367111, -0.90233784, -0.07930971, 0.00996610, 0.08290731, -0.99650745]
  cam_t_m2c: [-12.50136242, 22.84253701, 622.15661389]
  obj_bb: [85, 100, 227, 197]
  obj_id: 29
tpl_68:
  cam_R_m2c: [0.93839446, -0.34456747, -0.02625659, -0.34555421, -0.93498653, -0.07995906, 0.00300175, 0.08410625, -0.99645234]
  cam_t_m2c: [-12.30782388, 22.75252638, 622.21335763]
  obj_bb: [86, 105, 225, 188]
  obj_id: 29
tpl_69:
  cam_R_m2c: [0.96549940, -0.25907141, -0.02633023, -0.26036553, -0.96218292, -0.08008721, -0.00458623, 0.08417963, -0.99643989]
  cam_t_m2c: [-12.09028294, 22.68821094, 622.24567052]
  obj_bb: [88, 110, 221, 177]
  obj_id: 29
tpl_70:
  cam_R_m2c: [0.98398999, -0.17623710, -0.02653303, -0.17781980, -0.98082809, -0.07972733, -0.01197345, 0.08316905, -0.99646398]
  cam_t_m2c: [-11.91740150, 22.68970854, 622.27566064]
  obj_bb: [91, 116, 216, 165]
  obj_id: 29
tpl_71:
  cam_R_m2c: [0.99582720, -0.08739296, -0.02628693, -0.08923776, -0.99279495, -0.07996802, -0.01910883, 0.08198004, -0.99645091]
  cam_t_m2c: [-11.66214510, 22.66001281, 622.34745212]
  obj_bb: [94, 122, 209, 153]
  obj_id: 29
tpl_72:
  cam_R_m2c: [0.99962018, 0.00784523, -0.02643236, 0.00092251, -0.96764534, -0.25231242, -0.02755656, 0.25219209, -0.96728519]
  cam_t_m2c: [-11.56990325, 15.37528761, 621.43946860]
  obj_bb: [96, 127, 204, 145]
  obj_id: 29
tpl_73:
  cam_R_m2c: [0.99520919, 0.09422964, -0.02605943, 0.08466874, -0.96397118, -0.25217403, -0.04888279, 0.24875937, -0.96733130]
  cam_t_m2c: [-11.31238277, 15.38143388, 621.67076853]
  obj_bb: [93, 120, 210, 158]
  obj_id: 29
tpl_74:
  cam_R_m2c: [0.98305179, 0.18145705, -0.02610591, 0.16919647, -0.95286123, -0.25184750, -0.07057483, 0.24316193, -0.96741480]
  cam_t_m2c: [-11.11071142, 15.41272296, 621.61077207]
  obj_bb: [89, 115, 217, 169]
  obj_id: 29
tpl_75:
  cam_R_m2c: [0.96326566, 0.26726378, -0.02624518, 0.25234188, -0.93423531, -0.25204729, -0.09188212, 0.23616600, -0.96735943]
  cam_t_m2c: [-10.91334649, 15.45016575, 621.64393286]
  obj_bb: [87, 109, 222, 181]
  obj_id: 29
tpl_76:
  cam_R_m2c: [0.93659270, 0.34944880, -0.02608157, 0.33211312, -0.90894224, -0.25204033, -0.11178186, 0.22739736, -0.96736470]
  cam_t_m2c: [-10.70786537, 15.51779804, 621.60703477]
  obj_bb: [86, 104, 225, 191]
  obj_id: 29
tpl_77:
  cam_R_m2c: [0.90280910, 0.42923733, -0.02630291, 0.40954116, -0.87681802, -0.25192424, -0.13119877, 0.21666785, -0.96738935]
  cam_t_m2c: [-10.54858229, 15.57578120, 621.54184141]
  obj_bb: [84, 100, 228, 199]
  obj_id: 29
tpl_78:
  cam_R_m2c: [0.86222179, 0.50584965, -0.02625363, 0.48403741, -0.83809994, -0.25158892, -0.14926967, 0.20421856, -0.96747744]
  cam_t_m2c: [-10.35327377, 15.68092461, 621.45761240]
  obj_bb: [85, 95, 228, 208]
  obj_id: 29
tpl_79:
  cam_R_m2c: [0.81336865, 0.58115250, -0.02631203, 0.55717008, -0.79121549, -0.25207110, -0.16731034, 0.19036661, -0.96735141]
  cam_t_m2c: [-10.17908347, 15.76510078, 621.40345723]
  obj_bb: [85, 92, 228, 214]
  obj_id: 29
tpl_80:
  cam_R_m2c: [0.76092328, 0.64830742, -0.02632976, 0.62242997, -0.74080690, -0.25256036, -0.18324203, 0.17579035, -0.96722263]
  cam_t_m2c: [-10.02847497, 15.87669231, 621.34813180]
  obj_bb: [87, 90, 226, 219]
  obj_id: 29
tpl_81:
  cam_R_m2c: [0.70178832, 0.71190105, -0.02625722, 0.68438911, -0.68398190, -0.25254609, -0.19774692, 0.15926368, -0.96722853]
  cam_t_m2c: [-9.88048628, 15.99281089, 621.27097203]
  obj_bb: [88, 88, 222, 223]
  obj_id: 29
tpl_82:
  cam_R_m2c: [0.63628927, 0.77101195, -0.02599000, 0.74189984, -0.62080464, -0.25335027, -0.21147074, 0.14192254, -0.96702503]
  cam_t_m2c: [-9.69825517, 16.14655553, 621.19431787]
  obj_bb: [91, 86, 217, 227]
  obj_id: 29
tpl_83:
  cam_R_m2c: [0.56698813, 0.82332346, -0.02576389, 0.79283752, -0.55394453, -0.25407409, -0.22345677, 0.12363059, -0.96684145]
  cam_t_m2c: [-9.55992915, 16.29420359, 621.13473922]
  obj_bb: [94, 85, 212, 228]
  obj_id: 29
tpl_84:
  cam_R_m2c: [0.49208833, 0.87016941, -0.02558422, 0.83854803, -0.48169180, -0.25458050, -0.23385228, 0.10382315, -0.96671318]
  cam_t_m2c: [-9.45159626, 16.44646829, 621.04724816]
  obj_bb: [98, 85, 205, 229]
  obj_id: 29
tpl_85:
  cam_R_m2c: [0.41472700, 0.90959429, -0.02530624, 0.87707974, -0.40699999, -0.25511425, -0.24234935, 0.08360699, -0.96657947]
  cam_t_m2c: [-9.35252992, 16.64178756, 620.96845921]
  obj_bb: [102, 86, 196, 228]
  obj_id: 29
tpl_86:
  cam_R_m2c: [0.33410417, 0.94220421, -0.02500504, 0.90898715, -0.32911333, -0.25578839, -0.24923451, 0.06273066, -0.96640928]
  cam_t_m2c: [-9.27375704, 16.82806256, 620.90724187]
  obj_bb: [107, 86, 186, 226]
  obj_id: 29
tpl_87:
  cam_R_m2c: [0.24958011, 0.96803198, -0.02498081, 0.93447198, -0.24753114, -0.25590968, -0.25391262, 0.04052604, -0.96637758]
  cam_t_m2c: [-9.25554805, 17.00998408, 620.85778395]
  obj_bb: [112, 88, 176, 222]
  obj_id: 29
tpl_88:
  cam_R_m2c: [0.16445771, 0.98608318, -0.02437491, 0.95246130, -0.16517864, -0.25599496, -0.25645930, 0.01888420, -0.96637040]
  cam_t_m2c: [-9.17404698, 17.20971319, 620.82840700]
  obj_bb: [118, 91, 164, 217]
  obj_id: 29
tpl_89:
  cam_R_m2c: [0.07826937, 0.99664763, -0.02383585, 0.96330243, -0.08176520, -0.25566346, -0.25675564, -0.00295054, -0.96647205]
  cam_t_m2c: [-9.12076194, 17.42788926, 620.75230182]
  obj_bb: [125, 94, 151, 210]
  obj_id: 29
tpl_90:
  cam_R_m2c: [-0.00972896, 0.99967030, -0.02374713, 0.96671830, 0.00333126, -0.25582233, -0.25565874, -0.02544569, -0.96643245]
  cam_t_m2c: [-9.18295481, 17.62352886, 620.58671887]
  obj_bb: [126, 97, 143, 204]
  obj_id: 29
tpl_91:
  cam_R_m2c: [-0.09516399, 0.99518658, -0.02340190, 0.96292127, 0.08606611, -0.25568669, -0.25244154, -0.04686631, -0.96647641]
  cam_t_m2c: [-9.17127879, 17.82938687, 620.66303585]
  obj_bb: [120, 94, 155, 211]
  obj_id: 29
tpl_92:
  cam_R_m2c: [-0.18107267, 0.98319544, -0.02324488, 0.95202956, 0.16930587, -0.25490337, -0.24668355, -0.06828570, -0.96668723]
  cam_t_m2c: [-9.22647712, 18.01356064, 620.51676340]
  obj_bb: [114, 91, 167, 217]
  obj_id: 29
tpl_93:
  cam_R_m2c: [-0.26709322, 0.96340119, -0.02277878, 0.93325581, 0.25269989, -0.25529660, -0.24019690, -0.08944660, -0.96659462]
  cam_t_m2c: [-9.25922576, 18.20223731, 620.53616207]
  obj_bb: [108, 88, 179, 223]
  obj_id: 29
tpl_94:
  cam_R_m2c: [-0.34809251, 0.93719158, -0.02245632, 0.90847162, 0.33132136, -0.25476614, -0.23132431, -0.10908316, -0.96674158]
  cam_t_m2c: [-9.29408299, 18.38428436, 620.46242470]
  obj_bb: [103, 87, 189, 226]
  obj_id: 29
tpl_95:
  cam_R_m2c: [-0.43085318, 0.90214888, -0.02220847, 0.87505504, 0.41164640, -0.25460783, -0.22055187, -0.12913221, -0.96678909]
  cam_t_m2c: [-9.37569857, 18.55876659, 620.40621557]
  obj_bb: [98, 85, 199, 228]
  obj_id: 29
tpl_96:
  cam_R_m2c: [-0.50764133, 0.86128953, -0.02194076, 0.83601693, 0.48627049, -0.25419806, -0.20826877, -0.14738463, -0.96690315]
  cam_t_m2c: [-9.46418919, 18.71778315, 620.36510763]
  obj_bb: [94, 85, 207, 229]
  obj_id: 29
tpl_97:
  cam_R_m2c: [-0.58047135, 0.81399428, -0.02162198, 0.79062551, 0.55705508, -0.25416654, -0.19484572, -0.16463099, -0.96691833]
  cam_t_m2c: [-9.55389892, 18.86588750, 620.33424713]
  obj_bb: [91, 85, 214, 229]
  obj_id: 29
tpl_98:
  cam_R_m2c: [-0.64908317, 0.76041869, -0.02132504, 0.73907684, 0.62373156, -0.25441092, -0.18015736, -0.18089411, -0.96686108]
  cam_t_m2c: [-9.64508889, 19.00991132, 620.30488497]
  obj_bb: [88, 86, 220, 227]
  obj_id: 29
tpl_99:
  cam_R_m2c: [-0.71269307, 0.70116054, -0.02104249, 0.68211156, 0.68570684, -0.25402770, -0.16368502, -0.19539684, -0.96696832]
  cam_t_m2c: [-9.76249791, 19.13436564, 620.25681669]
  obj_bb: [86, 87, 224, 224]
  obj_id: 29
tpl_100:
  cam_R_m2c: [-0.77091945, 0.63659453, -0.02074790, 0.61982898, 0.74232243, -0.25449913, -0.14661148, -0.20905894, -0.96685078]
  cam_t_m2c: [-9.87978214, 19.27924034, 620.24175673]
  obj_bb: [85, 89, 227, 220]
  obj_id: 29
tpl_101:
  cam_R_m2c: [-0.82413623, 0.56602104, -0.02046407, 0.55177874, 0.79419567, -0.25454471, -0.12782584, -0.22107091, -0.96684446]
  cam_t_m2c: [-10.01379179, 19.39268940, 620.22018186]
  obj_bb: [84, 92, 228, 214]
  obj_id: 29
tpl_102:
  cam_R_m2c: [-0.87016071, 0.49235760, -0.02011365, 0.48063849, 0.83903288, -0.25497045, -0.10866087, -0.23153201, -0.96673970]
  cam_t_m2c: [-10.14460789, 19.49724074, 620.21682578]
  obj_bb: [85, 96, 228, 207]
  obj_id: 29
tpl_103:
  cam_R_m2c: [-0.91086980, 0.41221293, -0.01992348, 0.40326091, 0.87875146, -0.25529766, -0.08772902, -0.24057707, -0.96665732]
  cam_t_m2c: [-10.31925872, 19.60745255, 620.21995164]
  obj_bb: [85, 100, 228, 199]
  obj_id: 29
tpl_104:
  cam_R_m2c: [-0.94267895, 0.33311274, -0.01980321, 0.32687813, 0.90983909, -0.25562302, -0.06713333, -0.24744366, -0.96657410]
  cam_t_m2c: [-10.48777504, 19.66489926, 620.24663925]
  obj_bb: [87, 104, 224, 190]
  obj_id: 29
tpl_105:
  cam_R_m2c: [-0.96800308, 0.25016114, -0.01974586, 0.24677290, 0.93470282, -0.25579946, -0.04553452, -0.25248747, -0.96652865]
  cam_t_m2c: [-10.68946404, 19.74176452, 620.31889062]
  obj_bb: [89, 109, 220, 180]
  obj_id: 29
tpl_106:
  cam_R_m2c: [-0.98630599, 0.16380461, -0.01920928, 0.16325105, 0.95306902, -0.25496698, -0.02345716, -0.25461151, -0.96675832]
  cam_t_m2c: [-10.85483277, 19.81543356, 620.27649321]
  obj_bb: [92, 114, 215, 169]
  obj_id: 29
tpl_107:
  cam_R_m2c: [-0.99679462, 0.07774608, -0.01888520, 0.07999073, 0.96368955, -0.25476124, -0.00160718, -0.25545530, -0.96681939]
  cam_t_m2c: [-11.01816452, 19.88535062, 620.36299648]
  obj_bb: [95, 120, 209, 157]
  obj_id: 29
tpl_108:
  cam_R_m2c: [-0.99978496, -0.00855107, -0.01886813, -0.00346695, 0.96705053, -0.25456270, 0.02042325, -0.25444266, -0.96687237]
  cam_t_m2c: [-11.27353513, 19.92030171, 620.24476281]
  obj_bb: [95, 126, 205, 146]
  obj_id: 29
tpl_109:
  cam_R_m2c: [-0.99511163, -0.09691177, -0.01901048, -0.08891350, 0.96293663, -0.25465210, 0.04298464, -0.25171649, -0.96684547]
  cam_t_m2c: [-11.49599759, 19.92071501, 620.46184597]
  obj_bb: [92, 120, 211, 158]
  obj_id: 29
tpl_110:
  cam_R_m2c: [-0.98297662, -0.18276604, -0.01879632, -0.17210903, 0.95177701, -0.25396726, 0.06430654, -0.24640858, -0.96702963]
  cam_t_m2c: [-11.67561674, 19.91397162, 620.44649721]
  obj_bb: [89, 114, 217, 170]
  obj_id: 29
tpl_111:
  cam_R_m2c: [-0.96347725, -0.26712957, -0.01880748, -0.25380173, 0.93329544, -0.25405456, 0.08541845, -0.24000214, -0.96700723]
  cam_t_m2c: [-11.90060243, 19.88281584, 620.50963945]
  obj_bb: [86, 109, 222, 181]
  obj_id: 29
tpl_112:
  cam_R_m2c: [-0.93668862, -0.34965961, -0.01879233, -0.33383944, 0.90792777, -0.25341158, 0.10566991, -0.23109436, -0.96717621]
  cam_t_m2c: [-12.10501436, 19.82550681, 620.49705521]
  obj_bb: [85, 104, 226, 190]
  obj_id: 29
tpl_113:
  cam_R_m2c: [-0.90219404, -0.43090899, -0.01903886, -0.41259893, 0.87504123, -0.25311191, 0.12572795, -0.22050069, -0.96724977]
  cam_t_m2c: [-12.34747322, 19.72879045, 620.48847312]
  obj_bb: [84, 99, 228, 200]
  obj_id: 29
tpl_114:
  cam_R_m2c: [-0.86067410, -0.50880022, -0.01904109, -0.48828855, 0.83541829, -0.25229091, 0.14427324, -0.20784312, -0.96746438]
  cam_t_m2c: [-12.54349260, 19.64744623, 620.48067933]
  obj_bb: [85, 95, 228, 208]
  obj_id: 29
tpl_115:
  cam_R_m2c: [-0.81430539, -0.58012184, -0.01913993, -0.55761661, 0.79101963, -0.25169738, 0.16115477, -0.19428544, -0.96761631]
  cam_t_m2c: [-12.73200035, 19.52491494, 620.47501165]
  obj_bb: [85, 91, 228, 215]
  obj_id: 29
tpl_116:
  cam_R_m2c: [-0.75999530, -0.64964758, -0.01910915, -0.62524551, 0.73884142, -0.25135859, 0.17741273, -0.17908339, -0.96770533]
  cam_t_m2c: [-12.88551751, 19.40673307, 620.48782131]
  obj_bb: [86, 90, 226, 219]
  obj_id: 29
tpl_117:
  cam_R_m2c: [-0.70187263, -0.71204270, -0.01924234, -0.68603250, 0.68300908, -0.25071310, 0.19166167, -0.16276824, -0.96787050]
  cam_t_m2c: [-13.05406580, 19.26257760, 620.51190622]
  obj_bb: [88, 87, 223, 224]
  obj_id: 29
tpl_118:
  cam_R_m2c: [-0.63641778, -0.77110235, -0.01930901, -0.74359749, 0.61998586, -0.25035875, 0.20502395, -0.14497533, -0.96796081]
  cam_t_m2c: [-13.17137580, 19.13669045, 620.50205135]
  obj_bb: [91, 86, 217, 226]
  obj_id: 29
tpl_119:
  cam_R_m2c: [-0.56608361, -0.82411992, -0.01937732, -0.79537823, 0.55221587, -0.24986386, 0.21661773, -0.12603112, -0.96808713]
  cam_t_m2c: [-13.28277973, 18.98635849, 620.49703507]
  obj_bb: [94, 85, 211, 228]
  obj_id: 29
tpl_120:
  cam_R_m2c: [-0.49378943, -0.86936011, -0.01961114, -0.83954190, 0.48248649, -0.24975122, 0.22658665, -0.10686021, -0.96811181]
  cam_t_m2c: [-13.40485547, 18.84014246, 620.51523779]
  obj_bb: [97, 85, 205, 229]
  obj_id: 29
tpl_121:
  cam_R_m2c: [-0.41667936, -0.90883538, -0.01991634, -0.87820171, 0.40810048, -0.24943008, 0.23481934, -0.08644183, -0.96818763]
  cam_t_m2c: [-13.51804335, 18.68054696, 620.52615645]
  obj_bb: [101, 85, 196, 228]
  obj_id: 29
tpl_122:
  cam_R_m2c: [-0.33502281, -0.94198736, -0.02047776, -0.91074223, 0.32932659, -0.24918360, 0.24147208, -0.06483234, -0.96824012]
  cam_t_m2c: [-13.64660258, 18.51526361, 620.53701095]
  obj_bb: [107, 86, 186, 225]
  obj_id: 29
tpl_123:
  cam_R_m2c: [-0.25080384, -0.96781449, -0.02079683, -0.93621579, 0.24796563, -0.24902538, 0.24616644, -0.04298598, -0.96827382]
  cam_t_m2c: [-13.72025053, 18.33216395, 620.59929595]
  obj_bb: [112, 88, 176, 221]
  obj_id: 29
tpl_124:
  cam_R_m2c: [-0.16752621, -0.98564381, -0.02100323, -0.95403777, 0.16745137, -0.24854097, 0.24848914, -0.02159930, -0.96839417]
  cam_t_m2c: [-13.78480991, 18.17722929, 620.65023854]
  obj_bb: [118, 91, 164, 216]
  obj_id: 29
tpl_125:
  cam_R_m2c: [-0.08019120, -0.99655029, -0.02139444, -0.96525786, 0.08299246, -0.24776897, 0.24868991, 0.00078218, -0.96858328]
  cam_t_m2c: [-13.83157768, 18.00159849, 620.69119899]
  obj_bb: [124, 93, 151, 211]
  obj_id: 29
tpl_126:
  cam_R_m2c: [0.00628746, -0.99972560, -0.02258435, -0.96875140, -0.00048945, -0.24803208, 0.24795273, 0.02343819, -0.96848816]
  cam_t_m2c: [-13.98053823, 17.79923350, 620.64369994]
  obj_bb: [126, 97, 142, 203]
  obj_id: 29
tpl_127:
  cam_R_m2c: [0.09864347, -0.99487099, -0.02238286, -0.96463820, -0.09007278, -0.24770978, 0.24442365, 0.04602633, -0.96857529]
  cam_t_m2c: [-13.90879474, 17.61133499, 620.82880333]
  obj_bb: [119, 94, 156, 211]
  obj_id: 29
tpl_128:
  cam_R_m2c: [0.17987895, -0.98342552, -0.02276640, -0.95407908, -0.16878147, -0.24747762, 0.23953298, 0.06623685, -0.96862632]
  cam_t_m2c: [-13.90194274, 17.42675439, 620.82020103]
  obj_bb: [113, 91, 168, 216]
  obj_id: 29
tpl_129:
  cam_R_m2c: [0.26406599, -0.96422734, -0.02312141, -0.93597397, -0.25039392, -0.24749833, 0.23285566, 0.08699708, -0.96861219]
  cam_t_m2c: [-13.86798109, 17.20625263, 620.86657827]
  obj_bb: [108, 88, 178, 221]
  obj_id: 29
tpl_130:
  cam_R_m2c: [0.34658231, -0.93772522, -0.02347491, -0.91071114, -0.33039323, -0.24788125, 0.22468958, 0.10729026, -0.96850580]
  cam_t_m2c: [-13.80988113, 16.99877971, 620.93583819]
  obj_bb: [103, 87, 189, 225]
  obj_id: 29
tpl_131:
  cam_R_m2c: [0.42768983, -0.90360653, -0.02401476, -0.87817328, -0.40906235, -0.24794975, 0.21422470, 0.12713464, -0.96847533]
  cam_t_m2c: [-13.76867616, 16.78737737, 620.98018422]
  obj_bb: [98, 85, 199, 228]
  obj_id: 29
tpl_132:
  cam_R_m2c: [0.50429999, -0.86318237, -0.02443838, -0.83945958, -0.48341205, -0.24823343, 0.20245714, 0.14569911, -0.96839212]
  cam_t_m2c: [-13.68973217, 16.59941819, 621.02583940]
  obj_bb: [94, 85, 207, 229]
  obj_id: 29
tpl_133:
  cam_R_m2c: [0.57844807, -0.81534603, -0.02467385, -0.79353704, -0.55545558, -0.24853361, 0.18893535, 0.16334381, -0.96830865]
  cam_t_m2c: [-13.55743716, 16.39045242, 621.07292000]
  obj_bb: [91, 85, 214, 228]
  obj_id: 29
tpl_134:
  cam_R_m2c: [0.64697578, -0.76210296, -0.02494243, -0.74232672, -0.62203602, -0.24904107, 0.17428013, 0.17963853, -0.96817202]
  cam_t_m2c: [-13.43561968, 16.21491645, 621.13526452]
  obj_bb: [88, 86, 219, 226]
  obj_id: 29
tpl_135:
  cam_R_m2c: [0.71168721, -0.70204645, -0.02514315, -0.68453190, -0.68499997, -0.24938103, 0.15785413, 0.19469216, -0.96807903]
  cam_t_m2c: [-13.27766826, 16.02825187, 621.16268208]
  obj_bb: [86, 88, 224, 223]
  obj_id: 29
tpl_136:
  cam_R_m2c: [0.76980829, -0.63777431, -0.02526882, -0.62257323, -0.74155530, -0.24999849, 0.14070454, 0.20818292, -0.96791628]
  cam_t_m2c: [-13.10271303, 15.88499468, 621.20458828]
  obj_bb: [85, 90, 227, 219]
  obj_id: 29
tpl_137:
  cam_R_m2c: [0.82304840, -0.56740642, -0.02534310, -0.55468224, -0.79339439, -0.25070536, 0.12214504, 0.22039989, -0.96773141]
  cam_t_m2c: [-12.90890445, 15.72789221, 621.25479555]
  obj_bb: [85, 92, 228, 214]
  obj_id: 29
tpl_138:
  cam_R_m2c: [0.86829351, -0.49539782, -0.02544095, -0.48521336, -0.83754375, -0.25117291, 0.10312230, 0.23043643, -0.96760760]
  cam_t_m2c: [-12.71842601, 15.62484233, 621.29184937]
  obj_bb: [84, 95, 229, 207]
  obj_id: 29
tpl_139:
  cam_R_m2c: [0.90790714, -0.41838774, -0.02562912, -0.41088649, -0.87619850, -0.25189023, 0.08293141, 0.23922341, -0.96741653]
  cam_t_m2c: [-12.53893808, 15.52972555, 621.36087563]
  obj_bb: [86, 99, 227, 199]
  obj_id: 29
tpl_140:
  cam_R_m2c: [0.94123363, -0.33677369, -0.02575817, -0.33206202, -0.90871886, -0.25291217, 0.06176721, 0.24660319, -0.96714584]
  cam_t_m2c: [-12.33611240, 15.42105502, 621.46893781]
  obj_bb: [88, 104, 224, 190]
  obj_id: 29
tpl_141:
  cam_R_m2c: [0.96681340, -0.25416569, -0.02592716, -0.25232311, -0.93400506, -0.25291839, 0.04006691, 0.25106614, -0.96713985]
  cam_t_m2c: [-12.14330870, 15.37089498, 621.51431233]
  obj_bb: [89, 109, 220, 180]
  obj_id: 29
tpl_142:
  cam_R_m2c: [0.98543012, -0.16814265, -0.02562508, -0.16912276, -0.95268281, -0.25257470, 0.01805584, 0.25322831, -0.96723842]
  cam_t_m2c: [-11.89822897, 15.34743101, 621.50398781]
  obj_bb: [92, 114, 215, 170]
  obj_id: 29
tpl_143:
  cam_R_m2c: [0.99639520, -0.08081390, -0.02579111, -0.08471179, -0.96394331, -0.25226335, -0.00447486, 0.25353813, -0.96731489]
  cam_t_m2c: [-11.69291998, 15.35600979, 621.58299792]
  obj_bb: [95, 120, 208, 158]
  obj_id: 29
tpl_144:
  cam_R_m2c: [0.99763234, 0.06410315, -0.02491429, 0.04790299, -0.90761032, -0.41707240, -0.04934804, 0.41489093, -0.90853161]
  cam_t_m2c: [-11.50185678, 7.99878843, 621.96591583]
  obj_bb: [93, 120, 208, 161]
  obj_id: 29
tpl_145:
  cam_R_m2c: [0.98832543, 0.15030445, -0.02492595, 0.12632742, -0.89988847, -0.41742407, -0.08517135, 0.40940189, -0.90836985]
  cam_t_m2c: [-11.27662571, 8.02777521, 621.93907883]
  obj_bb: [91, 115, 214, 172]
  obj_id: 29
tpl_146:
  cam_R_m2c: [0.97088809, 0.23823151, -0.02494113, 0.20649343, -0.88518907, -0.41689387, -0.12139480, 0.39960719, -0.90861304]
  cam_t_m2c: [-11.09428181, 8.04182029, 621.92407875]
  obj_bb: [87, 109, 220, 184]
  obj_id: 29
tpl_147:
  cam_R_m2c: [0.94712065, 0.31993018, -0.02461609, 0.28102850, -0.86408509, -0.41758902, -0.15486973, 0.38858931, -0.90830262]
  cam_t_m2c: [-10.86196711, 8.08774033, 621.92657610]
  obj_bb: [86, 104, 224, 193]
  obj_id: 29
tpl_148:
  cam_R_m2c: [0.91579218, 0.40088373, -0.02481406, 0.35483565, -0.83645077, -0.41766362, -0.18818981, 0.37368753, -0.90826315]
  cam_t_m2c: [-10.69495062, 8.13785049, 621.91181584]
  obj_bb: [85, 100, 227, 202]
  obj_id: 29
tpl_149:
  cam_R_m2c: [0.87760394, 0.47873609, -0.02495664, 0.42604875, -0.80276774, -0.41718808, -0.21975803, 0.35549379, -0.90847729]
  cam_t_m2c: [-10.54072130, 8.20781520, 621.80072034]
  obj_bb: [84, 96, 228, 210]
  obj_id: 29
tpl_150:
  cam_R_m2c: [0.83195404, 0.55427988, -0.02503235, 0.49514975, -0.76204655, -0.41726726, -0.25035877, 0.33475257, -0.90843842]
  cam_t_m2c: [-10.36341554, 8.29387106, 621.71916899]
  obj_bb: [85, 93, 228, 217]
  obj_id: 29
tpl_151:
  cam_R_m2c: [0.78084319, 0.62422452, -0.02505366, 0.55925383, -0.71631981, -0.41727878, -0.27842194, 0.31181830, -0.90843306]
  cam_t_m2c: [-10.20274803, 8.39292710, 621.63413996]
  obj_bb: [86, 90, 227, 223]
  obj_id: 29
tpl_152:
  cam_R_m2c: [0.72482088, 0.68848057, -0.02506067, 0.61813927, -0.66596747, -0.41760280, -0.30420080, 0.28719666, -0.90828441]
  cam_t_m2c: [-10.06668239, 8.50860078, 621.52631784]
  obj_bb: [88, 88, 224, 227]
  obj_id: 29
tpl_153:
  cam_R_m2c: [0.66008594, 0.75077728, -0.02491090, 0.67537372, -0.60765672, -0.41788028, -0.32887141, 0.25901281, -0.90816109]
  cam_t_m2c: [-9.90422981, 8.65245144, 621.41058021]
  obj_bb: [90, 87, 219, 230]
  obj_id: 29
tpl_154:
  cam_R_m2c: [0.59247275, 0.80520956, -0.02477430, 0.72546417, -0.54666225, -0.41816625, -0.35025516, 0.22977917, -0.90803206]
  cam_t_m2c: [-9.76120467, 8.79102908, 621.27186843]
  obj_bb: [93, 85, 214, 233]
  obj_id: 29
tpl_155:
  cam_R_m2c: [0.51916780, 0.85431970, -0.02456164, 0.77071435, -0.48039546, -0.41859214, -0.36941071, 0.19838909, -0.90784248]
  cam_t_m2c: [-9.63631361, 8.94393274, 621.14733590]
  obj_bb: [97, 85, 207, 233]
  obj_id: 29
tpl_156:
  cam_R_m2c: [0.44167494, 0.89684374, -0.02440497, 0.80997869, -0.41029856, -0.41903374, -0.38582128, 0.16530867, -0.90764221]
  cam_t_m2c: [-9.52867616, 9.10806867, 621.01744186]
  obj_bb: [102, 85, 198, 233]
  obj_id: 29
tpl_157:
  cam_R_m2c: [0.36365488, 0.93121533, -0.02436082, 0.84181445, -0.33971623, -0.41945452, -0.39887789, 0.13202974, -0.90744961]
  cam_t_m2c: [-9.46661151, 9.28352111, 620.88691543]
  obj_bb: [106, 85, 189, 232]
  obj_id: 29
tpl_158:
  cam_R_m2c: [0.28169259, 0.95920417, -0.02402915, 0.86775527, -0.26536324, -0.42021931, -0.40945211, 0.09752097, -0.90710448]
  cam_t_m2c: [-9.40105727, 9.46719812, 620.87250581]
  obj_bb: [111, 87, 179, 228]
  obj_id: 29
tpl_159:
  cam_R_m2c: [0.19599254, 0.98032575, -0.02341410, 0.88792720, -0.18755132, -0.42001150, -0.41613942, 0.06152887, -0.90721668]
  cam_t_m2c: [-9.30516743, 9.64897271, 620.77336022]
  obj_bb: [117, 89, 167, 225]
  obj_id: 29
tpl_160:
  cam_R_m2c: [0.11055099, 0.99360665, -0.02290965, 0.90090185, -0.10991704, -0.41987456, -0.41970832, 0.02577803, -0.90729279]
  cam_t_m2c: [-9.27135575, 9.83913071, 620.71606097]
  obj_bb: [123, 92, 155, 219]
  obj_id: 29
tpl_161:
  cam_R_m2c: [0.02703405, 0.99937395, -0.02281098, 0.90678480, -0.03412076, -0.42021162, -0.42072633, -0.00932461, -0.90713990]
  cam_t_m2c: [-9.27479825, 10.01268006, 620.61116586]
  obj_bb: [128, 95, 144, 212]
  obj_id: 29
tpl_162:
  cam_R_m2c: [-0.06259026, 0.99778857, -0.02237649, 0.90629426, 0.04743243, -0.41997733, -0.41798737, -0.04656615, -0.90725878]
  cam_t_m2c: [-9.29092893, 10.19627271, 620.56494536]
  obj_bb: [121, 94, 150, 214]
  obj_id: 29
tpl_163:
  cam_R_m2c: [-0.15029008, 0.98839859, -0.02194732, 0.89847773, 0.12728775, -0.42016023, -0.41249274, -0.08286518, -0.90718441]
  cam_t_m2c: [-9.28454537, 10.37318679, 620.46917342]
  obj_bb: [115, 92, 163, 220]
  obj_id: 29
tpl_164:
  cam_R_m2c: [-0.23526130, 0.97169512, -0.02145435, 0.88412957, 0.20478816, -0.41997199, -0.40369150, -0.11777130, -0.90728379]
  cam_t_m2c: [-9.30654222, 10.54310760, 620.39872257]
  obj_bb: [109, 89, 175, 225]
  obj_id: 29
tpl_165:
  cam_R_m2c: [-0.31995017, 0.94720541, -0.02083768, 0.86242629, 0.28206612, -0.42030907, -0.39224100, -0.15244873, -0.90714144]
  cam_t_m2c: [-9.33395177, 10.69550458, 620.31583339]
  obj_bb: [103, 87, 186, 229]
  obj_id: 29
tpl_166:
  cam_R_m2c: [-0.40094764, 0.91586703, -0.02071394, 0.83484939, 0.35598313, -0.41988316, -0.37718298, -0.18564400, -0.90734190]
  cam_t_m2c: [-9.42645390, 10.86749878, 620.23473349]
  obj_bb: [99, 86, 195, 232]
  obj_id: 29
tpl_167:
  cam_R_m2c: [-0.48020976, 0.87691279, -0.02054179, 0.80023407, 0.42838905, -0.41965346, -0.35919953, -0.21796008, -0.90745169]
  cam_t_m2c: [-9.51580780, 11.02434745, 620.18795018]
  obj_bb: [94, 84, 204, 234]
  obj_id: 29
tpl_168:
  cam_R_m2c: [-0.55454487, 0.83190862, -0.02018451, 0.76003171, 0.49645681, -0.41938463, -0.33886910, -0.24790883, -0.90758403]
  cam_t_m2c: [-9.59808828, 11.18934697, 620.12119669]
  obj_bb: [92, 85, 211, 233]
  obj_id: 29
tpl_169:
  cam_R_m2c: [-0.62474716, 0.78057362, -0.01992147, 0.71395490, 0.56072544, -0.41935173, -0.31616463, -0.27621189, -0.90760490]
  cam_t_m2c: [-9.69247487, 11.33341687, 620.04627120]
  obj_bb: [89, 85, 217, 233]
  obj_id: 29
tpl_170:
  cam_R_m2c: [-0.69131936, 0.72228191, -0.01962644, 0.66148078, 0.62172892, -0.41940102, -0.29072338, -0.30292294, -0.90758856]
  cam_t_m2c: [-9.80321151, 11.46857561, 619.97811238]
  obj_bb: [86, 87, 223, 230]
  obj_id: 29
tpl_171:
