%YAML:1.0
---
criteria:
   tripletGrid: [ 12, 12 ]
   maxTripletDist: 3
   tablesCount: 100
   featurePointsCount: 100
   minMagnitude: 1.0000000149011612e-01
   maxDepthDiff: 100
   depthDeviationFun: [ 10000., 1.40000001e-01, 15000., 1.19999997e-01,
       20000., 1.00000001e-01, 70000., 7.99999982e-02 ]
   info:
      depthScaleFactor: 10.
      smallestTemplate: [ 78, 77 ]
      largestArea: [ 224, 229 ]
      minEdgels: 472
      minDepth: 5563
      maxDepth: 7503
