0:
- cam_R_m2c: [0.95092424, 0.30857896, -0.02283090, 0.29314127, -0.92205228, -0.25276100, -0.09904786, 0.23366348, -0.96725900]
  cam_t_m2c: [-40.86754894, 101.06910672, 734.10227552]
  obj_bb: [277, 352, 68, 69]
  obj_id: 2
- cam_R_m2c: [0.31426685, -0.02283083, -0.94905966, 0.91665161, -0.25276102, 0.30961592, -0.24695366, -0.96725900, -0.05850638]
  cam_t_m2c: [-70.89324407, 2.39750702, 759.80158531]
  obj_bb: [216, 159, 115, 146]
  obj_id: 25
- cam_R_m2c: [-0.88289395, -0.04734597, 0.46717851, -0.44879947, -0.20755538, -0.86919510, 0.13811808, -0.97707646, 0.16200017]
  cam_t_m2c: [40.46055163, -35.21478320, 758.46661701]
  obj_bb: [339, 111, 180, 158]
  obj_id: 29
- cam_R_m2c: [-0.57230521, -0.81972229, -0.02283090, -0.78999365, 0.55858951, -0.25276100, 0.21994656, -0.12661994, -0.96725900]
  cam_t_m2c: [46.35146152, 83.09671435, 740.87545308]
  obj_bb: [381, 297, 121, 122]
  obj_id: 30
1:
- cam_R_m2c: [0.92010922, 0.39100136, -0.02273880, 0.37313035, -0.89274247, -0.25255500, -0.11904912, 0.22389340, -0.96731500]
  cam_t_m2c: [-48.49398276, 98.02913671, 735.22537087]
  obj_bb: [266, 347, 68, 69]
  obj_id: 2
- cam_R_m2c: [0.22959740, -0.02273873, -0.97302008, 0.94038457, -0.25255502, 0.22779866, -0.25092068, -0.96731500, -0.03660277]
  cam_t_m2c: [-69.43991952, -2.87238132, 761.26812912]
  obj_bb: [222, 154, 108, 146]
  obj_id: 25
- cam_R_m2c: [-0.83823467, -0.05122207, 0.54289872, -0.52248379, -0.20958725, -0.82648852, 0.15611894, -0.97644706, 0.14892037]
  cam_t_m2c: [44.65223706, -30.86989456, 757.36116756]
  obj_bb: [346, 113, 179, 166]
  obj_id: 29
- cam_R_m2c: [-0.49800983, -0.86687325, -0.02273880, -0.83611180, 0.48696247, -0.25255500, 0.23000587, -0.10676257, -0.96731500]
  cam_t_m2c: [40.06654121, 87.53597059, 740.01836729]
  obj_bb: [371, 304, 122, 122]
  obj_id: 30
2:
- cam_R_m2c: [0.88284869, 0.46908777, -0.02311000, 0.44882443, -0.85716026, -0.25265200, -0.13832478, 0.21268097, -0.96728100]
  cam_t_m2c: [-55.73536240, 94.44655733, 736.32210054]
  obj_bb: [256, 342, 68, 70]
  obj_id: 2
- cam_R_m2c: [0.14460662, -0.02310993, -0.98921892, 0.95651972, -0.25265201, 0.14572952, -0.25329571, -0.96728100, -0.01443008]
  cam_t_m2c: [-67.59537530, -7.87709918, 762.53830078]
  obj_bb: [229, 150, 102, 146]
  obj_id: 25
- cam_R_m2c: [-0.78798074, -0.05527877, 0.61321272, -0.59084918, -0.21220595, -0.77837394, 0.17315475, -0.97566003, 0.13455263]
  cam_t_m2c: [48.32101053, -26.23924027, 756.02988693]
  obj_bb: [353, 117, 178, 173]
  obj_id: 29
- cam_R_m2c: [-0.42118912, -0.90667793, -0.02311000, -0.87502076, 0.41292342, -0.25265200, 0.23861641, -0.08619249, -0.96728100]
  cam_t_m2c: [33.47681389, 91.38580255, 739.12542406]
  obj_bb: [363, 311, 121, 122]
  obj_id: 30
3:
- cam_R_m2c: [0.83900646, 0.54362078, -0.02331640, 0.52116824, -0.81519185, -0.25267600, -0.15636703, 0.19984463, -0.96727000]
  cam_t_m2c: [-62.60860893, 90.27267732, 737.68945050]
  obj_bb: [246, 336, 69, 69]
  obj_id: 2
- cam_R_m2c: [0.05858318, -0.02331632, -0.99800973, 0.96552466, -0.25267600, 0.06257975, -0.25363178, -0.96727000, 0.00770998]
  cam_t_m2c: [-65.29922566, -12.71177381, 763.86259353]
  obj_bb: [234, 145, 96, 145]
  obj_id: 25
- cam_R_m2c: [-0.73186212, -0.05892794, 0.67889939, -0.65480625, -0.21505046, -0.72455595, 0.18869392, -0.97482348, 0.11880051]
  cam_t_m2c: [51.57329166, -21.31727858, 754.75809266]
  obj_bb: [359, 122, 176, 178]
  obj_id: 29
- cam_R_m2c: [-0.34126238, -0.93967834, -0.02331640, -0.90740539, 0.33581176, -0.25267600, 0.24526366, -0.06507120, -0.96727000]
  cam_t_m2c: [26.58762802, 94.67388615, 738.52497687]
  obj_bb: [352, 316, 122, 122]
  obj_id: 30
4:
- cam_R_m2c: [0.78788681, 0.61536771, -0.02360640, 0.59082772, -0.76616482, -0.25281400, -0.17365998, 0.18524095, -0.96722700]
  cam_t_m2c: [-69.19015852, 85.43993994, 739.10483415]
  obj_bb: [238, 329, 68, 69]
  obj_id: 2
- cam_R_m2c: [-0.02950321, -0.02360632, -0.99928605, 0.96725168, -0.25281400, -0.02258545, -0.25209991, -0.96722700, 0.03029242]
  cam_t_m2c: [-62.51903145, -17.42509030, 765.03493835]
  obj_bb: [236, 140, 100, 145]
  obj_id: 25
- cam_R_m2c: [-0.66906045, -0.06245086, 0.74057972, -0.71489407, -0.21834823, -0.66426754, 0.20318827, -0.97387070, 0.10144189]
  cam_t_m2c: [54.42611576, -16.04475827, 753.28432717]
  obj_bb: [367, 127, 171, 183]
  obj_id: 29
- cam_R_m2c: [-0.25721187, -0.96606682, -0.02360640, -0.93339124, 0.25468944, -0.25281400, 0.25024720, -0.04299231, -0.96722700]
  cam_t_m2c: [19.30455235, 97.41499671, 737.95048164]
  obj_bb: [342, 320, 122, 122]
  obj_id: 30
5:
- cam_R_m2c: [0.73064746, 0.68234541, -0.02363800, 0.65596001, -0.71115578, -0.25293000, -0.18939647, 0.16929698, -0.96719600]
  cam_t_m2c: [-75.28385124, 80.03775857, 740.67941337]
  obj_bb: [229, 321, 68, 69]
  obj_id: 2
- cam_R_m2c: [-0.11736888, -0.02363793, -0.99280689, 0.96147749, -0.25292999, -0.10764348, -0.24856642, -0.96719600, 0.05241394]
  cam_t_m2c: [-59.30181913, -21.91135983, 766.15547732]
  obj_bb: [239, 133, 106, 146]
  obj_id: 25
- cam_R_m2c: [-0.60106020, -0.06541431, 0.79652202, -0.76948471, -0.22189120, -0.59888000, 0.21591707, -0.97287496, 0.08303444]
  cam_t_m2c: [56.80895777, -10.56393109, 751.81439510]
  obj_bb: [373, 133, 166, 186]
  obj_id: 29
- cam_R_m2c: [-0.17115720, -0.98495999, -0.02363800, -0.95215788, 0.17152682, -0.25293000, 0.25318086, -0.02078328, -0.96719600]
  cam_t_m2c: [11.82214675, 99.50758053, 737.59467183]
  obj_bb: [331, 323, 122, 122]
  obj_id: 30
6:
- cam_R_m2c: [0.66878557, 0.74307157, -0.02387660, 0.71502663, -0.65167703, -0.25309000, -0.20362440, 0.15219084, -0.96714800]
  cam_t_m2c: [-80.80276966, 74.27079587, 742.31722286]
  obj_bb: [222, 312, 68, 69]
  obj_id: 2
- cam_R_m2c: [-0.20293286, -0.02387653, -0.97890130, 0.94851007, -0.25308999, -0.19045913, -0.24320321, -0.96714801, 0.07400769]
  cam_t_m2c: [-55.78092216, -26.00628409, 767.14676609]
  obj_bb: [243, 126, 112, 148]
  obj_id: 25
- cam_R_m2c: [-0.52959320, -0.06822026, 0.84550377, -0.81732567, -0.22565335, -0.53015081, 0.22695842, -0.97181606, 0.06374652]
  cam_t_m2c: [58.62498593, -4.96112991, 750.27878305]
  obj_bb: [381, 140, 159, 188]
  obj_id: 29
- cam_R_m2c: [-0.08518666, -0.99607868, -0.02387660, -0.96339047, 0.08845808, -0.25309000, 0.25421028, 0.00144271, -0.96714800]
  cam_t_m2c: [4.27766559, 100.96994783, 737.36580521]
  obj_bb: [321, 325, 122, 123]
  obj_id: 30
7:
- cam_R_m2c: [0.60171896, 0.79834622, -0.02402580, 0.76882203, -0.58709329, -0.25344300, -0.21644097, 0.13402971, -0.96705200]
  cam_t_m2c: [-85.78263824, 67.97628498, 744.07492535]
  obj_bb: [215, 303, 68, 69]
  obj_id: 2
- cam_R_m2c: [-0.28718457, -0.02402573, -0.95757372, 0.92830777, -0.25344298, -0.27204879, -0.23615421, -0.96705201, 0.09508855]
  cam_t_m2c: [-51.88671304, -29.86470460, 768.08072837]
  obj_bb: [247, 121, 118, 148]
  obj_id: 25
- cam_R_m2c: [-0.45394719, -0.07060865, 0.88822632, -0.85908905, -0.22982346, -0.45732525, 0.23642665, -0.97066768, 0.04366833]
  cam_t_m2c: [59.94595657, 0.72670563, 748.74780518]
  obj_bb: [387, 149, 151, 189]
  obj_id: 29
- cam_R_m2c: [0.00164670, -0.99970980, -0.02402580, -0.96733945, 0.00449731, -0.25344300, 0.25347765, 0.02365879, -0.96705200]
  cam_t_m2c: [-3.37457283, 101.72973091, 737.31776768]
  obj_bb: [309, 327, 122, 123]
  obj_id: 30
8:
- cam_R_m2c: [0.53015801, 0.84754990, -0.02430520, 0.81674245, -0.51816665, -0.25384000, -0.22773620, 0.11472456, -0.96694100]
  cam_t_m2c: [-90.17906361, 61.35726594, 745.84911622]
  obj_bb: [210, 294, 68, 68]
  obj_id: 2
- cam_R_m2c: [-0.36920423, -0.02430513, -0.92902992, 0.90112733, -0.25383997, -0.35147468, -0.22728256, -0.96694101, 0.11562060]
  cam_t_m2c: [-47.67194595, -33.31407731, 768.83952182]
  obj_bb: [253, 115, 122, 148]
  obj_id: 25
- cam_R_m2c: [-0.37492933, -0.07277332, 0.92419215, -0.89431255, -0.23420794, -0.38124973, 0.24419800, -0.96945918, 0.02272963]
  cam_t_m2c: [60.74220955, 6.56361447, 747.10767449]
  obj_bb: [394, 157, 142, 189]
  obj_id: 29
- cam_R_m2c: [0.08840262, -0.99578779, -0.02430520, -0.96398297, -0.07938345, -0.25384000, 0.25084154, 0.04586964, -0.96694100]
  cam_t_m2c: [-11.06251600, 101.90853694, 737.35174213]
  obj_bb: [299, 327, 122, 123]
  obj_id: 30
9:
- cam_R_m2c: [0.45326620, 0.89104183, -0.02437660, 0.85920048, -0.44402212, -0.25420300, -0.23732890, 0.09427749, -0.96684400]
  cam_t_m2c: [-94.01358792, 54.21488940, 747.76403854]
  obj_bb: [204, 284, 69, 69]
  obj_id: 2
- cam_R_m2c: [-0.44977656, -0.02437653, -0.89280840, 0.86650784, -0.25420297, -0.42958734, -0.21648268, -0.96684401, 0.13545655]
  cam_t_m2c: [-43.07618187, -36.50120192, 769.53667651]
  obj_bb: [259, 112, 126, 148]
  obj_id: 25
- cam_R_m2c: [-0.29165342, -0.07438744, 0.95362718, -0.92325058, -0.23877777, -0.30098806, 0.25009439, -0.96822128, 0.00096240]
  cam_t_m2c: [61.02219904, 12.50277560, 745.48903810]
  obj_bb: [399, 167, 133, 188]
  obj_id: 29
- cam_R_m2c: [0.17596498, -0.98409457, -0.02437660, -0.95312230, -0.16413097, -0.25420300, 0.24615870, 0.06796429, -0.96684400]
  cam_t_m2c: [-18.85728149, 101.37840969, 737.60613366]
  obj_bb: [287, 328, 122, 122]
  obj_id: 30
10:
- cam_R_m2c: [0.37407171, 0.92707365, -0.02458280, 0.89445442, -0.36765809, -0.25451800, -0.24499470, 0.07321946, -0.96675600]
  cam_t_m2c: [-97.15430341, 46.94376797, 749.74322117]
  obj_bb: [200, 273, 69, 69]
  obj_id: 2
- cam_R_m2c: [-0.52569978, -0.02458274, -0.85031461, 0.82583468, -0.25451796, -0.50320798, -0.20404968, -0.96675601, 0.15410127]
  cam_t_m2c: [-38.30290263, -39.18993391, 770.12883560]
  obj_bb: [265, 108, 129, 150]
  obj_id: 25
- cam_R_m2c: [-0.20740524, -0.07573075, 0.97531914, -0.94470856, -0.24334858, -0.21979036, 0.25398707, -0.96697838, -0.02107200]
  cam_t_m2c: [60.74711308, 18.40891454, 743.90638696]
  obj_bb: [405, 176, 121, 186]
  obj_id: 29
- cam_R_m2c: [0.26086392, -0.96506228, -0.02458280, -0.93517695, -0.24630317, -0.25451800, 0.23957047, 0.08938391, -0.96675600]
  cam_t_m2c: [-26.47121665, 100.26466322, 738.04565627]
  obj_bb: [276, 326, 122, 122]
  obj_id: 30
11:
- cam_R_m2c: [0.29217872, 0.95605160, -0.02442980, 0.92289197, -0.28856033, -0.25495900, -0.25080269, 0.05194764, -0.96664300]
  cam_t_m2c: [-99.59220624, 39.42443629, 751.68022897]
  obj_bb: [197, 262, 69, 69]
  obj_id: 2
- cam_R_m2c: [-0.59753565, -0.02442974, -0.80147004, 0.77892294, -0.25495896, -0.57295351, -0.19034451, -0.96664301, 0.17137528]
  cam_t_m2c: [-33.28332882, -41.47803383, 770.54857369]
  obj_bb: [272, 106, 131, 150]
  obj_id: 25
- cam_R_m2c: [-0.12172444, -0.07632726, 0.98962478, -0.95897900, -0.24812418, -0.13709276, 0.25601304, -0.96571639, -0.04299320]
  cam_t_m2c: [59.98012959, 24.25500796, 742.31331193]
  obj_bb: [410, 185, 110, 184]
  obj_id: 29
- cam_R_m2c: [0.34366021, -0.93877619, -0.02442980, -0.91014595, -0.32654405, -0.25495900, 0.23137151, 0.10985341, -0.96664300]
  cam_t_m2c: [-33.90946299, 98.50155685, 738.57631989]
  obj_bb: [265, 323, 122, 123]
  obj_id: 30
12:
- cam_R_m2c: [0.20665583, 0.97810978, -0.02440870, 0.94462696, -0.20595671, -0.25546600, -0.25490065, 0.02973636, -0.96651000]
  cam_t_m2c: [-101.38720140, 31.55650895, 753.75274867]
  obj_bb: [196, 251, 68, 69]
  obj_id: 2
- cam_R_m2c: [-0.66594361, -0.02440864, -0.74560343, 0.72521773, -0.25546595, -0.63937277, -0.17486986, -0.96651001, 0.18782731]
  cam_t_m2c: [-28.01007735, -43.40494217, 770.91879060]
  obj_bb: [281, 105, 133, 149]
  obj_id: 25
- cam_R_m2c: [-0.03367048, -0.07666586, 0.99648874, -0.96603992, -0.25308546, -0.05211303, 0.25619182, -0.96440154, -0.06554073]
  cam_t_m2c: [58.64531367, 30.06599135, 740.76875680]
  obj_bb: [416, 195, 96, 181]
  obj_id: 29
- cam_R_m2c: [0.42517758, -0.90478141, -0.02440870, -0.87765432, -0.40553811, -0.25546600, 0.22124197, 0.13004070, -0.96651000]
  cam_t_m2c: [-41.29563551, 96.03202751, 739.33174672]
  obj_bb: [255, 320, 122, 123]
  obj_id: 30
13:
- cam_R_m2c: [0.12085124, 0.99237041, -0.02440260, 0.95882488, -0.12305995, -0.25595300, -0.25700289, 0.00753433, -0.96638100]
  cam_t_m2c: [-102.44672776, 23.71304146, 755.79463105]
  obj_bb: [195, 240, 68, 69]
  obj_id: 2
- cam_R_m2c: [-0.72823409, -0.02440255, -0.68489354, 0.66681422, -0.25595295, -0.69989123, -0.15822116, -0.96638102, 0.20266546]
  cam_t_m2c: [-22.66846016, -44.82926876, 771.13939055]
  obj_bb: [288, 105, 135, 147]
  obj_id: 25
- cam_R_m2c: [0.05330689, -0.07661498, 0.99563450, -0.96562737, -0.25797339, 0.03184904, 0.25440681, -0.96310931, -0.08773329]
  cam_t_m2c: [56.81605320, 35.68388032, 739.26477189]
  obj_bb: [413, 205, 94, 181]
  obj_id: 29
- cam_R_m2c: [0.50221611, -0.86439750, -0.02440260, -0.83897442, -0.48021956, -0.25595300, 0.20952626, 0.14901678, -0.96638100]
  cam_t_m2c: [-48.31939117, 93.01973920, 740.21063824]
  obj_bb: [244, 316, 122, 122]
  obj_id: 30
14:
- cam_R_m2c: [0.03412321, 0.99912761, -0.02407110, 0.96578107, -0.03916129, -0.25638400, -0.25710299, -0.01449897, -0.96627500]
  cam_t_m2c: [-102.76905444, 15.78352781, 757.80393709]
  obj_bb: [195, 229, 68, 69]
  obj_id: 2
- cam_R_m2c: [-0.78502402, -0.02407105, -0.61899731, 0.60331606, -0.25638394, -0.75516651, -0.14052316, -0.96627502, 0.21579013]
  cam_t_m2c: [-17.19216931, -45.81704570, 771.22202384]
  obj_bb: [295, 107, 137, 145]
  obj_id: 25
- cam_R_m2c: [0.13989070, -0.07584402, 0.98725785, -0.95790913, -0.26279122, 0.11554358, 0.25067937, -0.96186693, -0.10941394]
  cam_t_m2c: [54.52072018, 41.11970938, 737.82442247]
  obj_bb: [403, 212, 107, 184]
  obj_id: 29
- cam_R_m2c: [0.57546501, -0.81747195, -0.02407110, -0.79391428, -0.55133185, -0.25638400, 0.19631545, 0.16665057, -0.96627500]
  cam_t_m2c: [-55.01651755, 89.40872554, 741.21881394]
  obj_bb: [235, 312, 121, 121]
  obj_id: 30
15:
- cam_R_m2c: [-0.05258187, 0.99833283, -0.02382150, 0.96541420, 0.04471922, -0.25685700, -0.25536312, -0.03650378, -0.96615600]
  cam_t_m2c: [-102.38897922, 7.90568789, 759.82098500]
  obj_bb: [196, 218, 68, 69]
  obj_id: 2
- cam_R_m2c: [-0.83571401, -0.02382146, -0.54864869, 0.53549717, -0.25685694, -0.80452918, -0.12175883, -0.96615602, 0.22741504]
  cam_t_m2c: [-11.67737602, -46.31522572, 771.20446872]
  obj_bb: [303, 109, 137, 141]
  obj_id: 25
- cam_R_m2c: [0.22514054, -0.07476583, 0.97145384, -0.94298223, -0.26758350, 0.19794819, 0.24514486, -0.96062976, -0.13074681]
  cam_t_m2c: [51.74634501, 46.34788211, 736.46073906]
  obj_bb: [392, 218, 120, 187]
  obj_id: 29
- cam_R_m2c: [0.64414022, -0.76453690, -0.02382150, -0.74302433, -0.61801233, -0.25685700, 0.18165429, 0.18315176, -0.96615600]
  cam_t_m2c: [-61.34950142, 85.28486393, 742.37764005]
  obj_bb: [225, 305, 122, 122]
  obj_id: 30
16:
- cam_R_m2c: [-0.13892311, 0.99001885, -0.02370870, 0.95780982, 0.12824404, -0.25720200, -0.25159510, -0.05843994, -0.96606700]
  cam_t_m2c: [-101.32140962, 0.05695127, 761.86214861]
  obj_bb: [198, 208, 68, 69]
  obj_id: 2
- cam_R_m2c: [-0.88012866, -0.02370866, -0.47414184, 0.46368025, -0.25720194, -0.84784836, -0.10184913, -0.96606702, 0.23736478]
  cam_t_m2c: [-6.15661692, -46.38099246, 771.09529322]
  obj_bb: [311, 113, 137, 137]
  obj_id: 25
- cam_R_m2c: [0.30872639, -0.07344001, 0.94831094, -0.92098954, -0.27216385, 0.27875465, 0.23762493, -0.95944452, -0.15166205]
  cam_t_m2c: [48.49457459, 51.29754655, 735.20257069]
  obj_bb: [381, 224, 132, 190]
  obj_id: 29
- cam_R_m2c: [0.70798959, -0.70582412, -0.02370870, -0.68657640, -0.68004340, -0.25720200, 0.16541691, 0.19837481, -0.96606700]
  cam_t_m2c: [-67.30530435, 80.61627928, 743.71996174]
  obj_bb: [217, 299, 121, 122]
  obj_id: 30
17:
- cam_R_m2c: [-0.22565882, 0.97392455, -0.02342560, 0.94270052, 0.21223277, -0.25743700, -0.24575209, -0.08017626, -0.96601100]
  cam_t_m2c: [-99.50052771, -7.75890909, 763.85835563]
  obj_bb: [201, 197, 68, 69]
  obj_id: 2
- cam_R_m2c: [-0.91850647, -0.02342557, -0.39471104, 0.38704644, -0.25743693, -0.88539376, -0.08087208, -0.96601102, 0.24552392]
  cam_t_m2c: [-0.54122723, -45.92264172, 770.83412206]
  obj_bb: [319, 117, 136, 131]
  obj_id: 25
- cam_R_m2c: [0.39134968, -0.07153953, 0.91745693, -0.89152539, -0.27659006, 0.35872167, 0.22809625, -0.95832139, -0.17202265]
  cam_t_m2c: [44.76662752, 56.09118698, 734.00298457]
  obj_bb: [370, 230, 143, 192]
  obj_id: 29
- cam_R_m2c: [0.76746044, -0.64066795, -0.02342560, -0.62386284, -0.73791746, -0.25743700, 0.14764512, 0.21218681, -0.96601100]
  cam_t_m2c: [-72.88949347, 75.42316427, 745.18623840]
  obj_bb: [209, 292, 121, 121]
  obj_id: 30
18:
- cam_R_m2c: [-0.30929039, 0.95068456, -0.02321910, 0.92068303, 0.29323849, -0.25759200, -0.23807988, -0.10104807, -0.96597500]
  cam_t_m2c: [-97.02089237, -15.29896486, 765.78516339]
  obj_bb: [205, 187, 67, 69]
  obj_id: 2
- cam_R_m2c: [-0.94928767, -0.02321908, -0.31355160, 0.30872698, -0.25759193, -0.91560566, -0.05950884, -0.96597502, 0.25169705]
  cam_t_m2c: [4.91971834, -45.03544881, 770.46957622]
  obj_bb: [323, 123, 139, 126]
  obj_id: 25
- cam_R_m2c: [0.46967516, -0.06937547, 0.88010971, -0.85577599, -0.28071985, 0.43456128, 0.21691627, -0.95727941, -0.19121690]
  cam_t_m2c: [40.68735921, 60.45305928, 732.93304183]
  obj_bb: [359, 237, 153, 193]
  obj_id: 29
- cam_R_m2c: [0.82014513, -0.57168491, -0.02321910, -0.55743878, -0.78924524, -0.25759200, 0.12893585, 0.22420591, -0.96597500]
  cam_t_m2c: [-77.89764919, 69.83916817, 746.76300466]
  obj_bb: [202, 284, 121, 122]
  obj_id: 30
19:
- cam_R_m2c: [-0.39345967, 0.91905440, -0.02298480, 0.89060637, 0.37484037, -0.25751700, -0.22805687, -0.12179312, -0.96600000]
  cam_t_m2c: [-93.78401501, -22.82480551, 767.73868568]
  obj_bb: [210, 177, 67, 68]
  obj_id: 2
- cam_R_m2c: [-0.97362532, -0.02298478, -0.22699170, 0.22515593, -0.25751693, -0.93967539, -0.03685607, -0.96600002, 0.25590055]
  cam_t_m2c: [10.43421572, -43.59783809, 770.00171808]
  obj_bb: [329, 129, 140, 119]
  obj_id: 25
- cam_R_m2c: [0.54707326, -0.06674632, 0.83441931, -0.81198633, -0.28457744, 0.50960169, 0.20344321, -0.95632625, -0.20988201]
  cam_t_m2c: [36.03413472, 64.64263677, 731.99131229]
  obj_bb: [347, 243, 162, 193]
  obj_id: 29
- cam_R_m2c: [0.86819769, -0.49568565, -0.02298480, -0.48422725, -0.83618716, -0.25751700, 0.10842809, 0.23470588, -0.96600000]
  cam_t_m2c: [-82.56820713, 63.67478376, 748.55345333]
  obj_bb: [195, 275, 121, 122]
  obj_id: 30
20:
- cam_R_m2c: [-0.46912373, 0.88283948, -0.02273270, 0.85599982, 0.44822920, -0.25759300, -0.21722369, -0.14030218, -0.96598600]
  cam_t_m2c: [-90.11259166, -29.60102541, 769.43414665]
  obj_bb: [216, 167, 67, 70]
  obj_id: 2
- cam_R_m2c: [-0.98923279, -0.02273269, -0.14457219, 0.14552226, -0.25759293, -0.95523213, -0.01552571, -0.96598602, 0.25812738]
  cam_t_m2c: [15.47059452, -41.85927742, 769.42334105]
  obj_bb: [334, 137, 140, 111]
  obj_id: 25
- cam_R_m2c: [0.61529921, -0.06394039, 0.78569581, -0.76516178, -0.28812135, 0.57577148, 0.18956056, -0.95545675, -0.22620559]
  cam_t_m2c: [31.39578858, 68.13711551, 731.17002805]
  obj_bb: [337, 250, 169, 191]
  obj_id: 29
- cam_R_m2c: [0.90670106, -0.42116008, -0.02273270, -0.41235692, -0.87384603, -0.25759300, 0.08862291, 0.24293376, -0.96598600]
  cam_t_m2c: [-86.35601829, 57.54167925, 750.24883912]
  obj_bb: [190, 267, 121, 122]
  obj_id: 30
21:
- cam_R_m2c: [-0.54521670, 0.83799582, -0.02239530, 0.81306496, 0.52211433, -0.25753100, -0.20411719, -0.15861915, -0.96601100]
  cam_t_m2c: [-85.64796206, -36.38977128, 771.17040623]
  obj_bb: [222, 157, 66, 70]
  obj_id: 2
- cam_R_m2c: [-0.99814002, -0.02239530, -0.05669867, 0.06055814, -0.25753093, -0.96437065, 0.00699568, -0.96601102, 0.25840836]
  cam_t_m2c: [20.56907517, -39.58971607, 768.76613264]
  obj_bb: [338, 142, 140, 106]
  obj_id: 25
- cam_R_m2c: [0.68244921, -0.06060064, 0.72841639, -0.71004926, -0.29147734, 0.64099238, 0.17347249, -0.95465676, -0.24194809]
  cam_t_m2c: [26.18644925, 71.40669079, 730.49874771]
  obj_bb: [325, 257, 175, 187]
  obj_id: 29
- cam_R_m2c: [0.94034159, -0.33949364, -0.02239530, -0.33354469, -0.90687703, -0.25753100, 0.06712044, 0.24963715, -0.96601100]
  cam_t_m2c: [-89.77287201, 50.77658811, 752.16888057]
  obj_bb: [185, 258, 120, 121]
  obj_id: 30
22:
- cam_R_m2c: [-0.61579652, 0.78759638, -0.02206480, 0.76472933, 0.59070573, -0.25740200, -0.18969534, -0.17538095, -0.96605200]
  cam_t_m2c: [-80.66546760, -42.64357457, 772.73124423]
  obj_bb: [229, 149, 66, 70]
  obj_id: 2
- cam_R_m2c: [-0.99930584, -0.02206480, 0.03002073, -0.02333694, -0.25740193, -0.96602258, 0.02904242, -0.96605202, 0.25670859]
  cam_t_m2c: [25.36714982, -36.92536037, 767.99095914]
  obj_bb: [344, 143, 138, 108]
  obj_id: 25
- cam_R_m2c: [0.74320506, -0.05703155, 0.66662876, -0.65053725, -0.29444450, 0.70007407, 0.15635910, -0.95396485, -0.25593390]
  cam_t_m2c: [20.81852384, 74.19472578, 729.94120911]
  obj_bb: [314, 263, 181, 184]
  obj_id: 29
- cam_R_m2c: [0.96623364, -0.25672156, -0.02206480, -0.25361811, -0.93242804, -0.25740200, 0.04550695, 0.25430674, -0.96605200]
  cam_t_m2c: [-92.49771189, 43.89173701, 754.08493389]
  obj_bb: [181, 248, 121, 121]
  obj_id: 30
23:
- cam_R_m2c: [-0.68295482, 0.73013514, -0.02180010, 0.70955089, 0.65601976, -0.25724500, -0.17352267, -0.19115503, -0.96610000]
  cam_t_m2c: [-75.05186404, -48.57921069, 774.18229099]
  obj_bb: [238, 141, 65, 70]
  obj_id: 2
- cam_R_m2c: [-0.99275477, -0.02180011, 0.11816332, -0.10864173, -0.25724493, -0.96021946, 0.05132962, -0.96610002, 0.25301304]
  cam_t_m2c: [29.97145423, -33.81958500, 767.08754413]
  obj_bb: [349, 146, 142, 115]
  obj_id: 25
- cam_R_m2c: [0.79936512, -0.05319528, 0.59848602, -0.58485550, -0.29715259, 0.75474749, 0.13769301, -0.95334675, -0.26864507]
  cam_t_m2c: [15.09595598, 76.54912246, 729.48957728]
  obj_bb: [304, 270, 184, 178]
  obj_id: 29
- cam_R_m2c: [0.98513701, -0.17038099, -0.02180010, -0.17021074, -0.95123746, -0.25724500, 0.02309285, 0.25713243, -0.96610000]
  cam_t_m2c: [-94.64598693, 36.65034498, 756.07055058]
  obj_bb: [179, 238, 120, 121]
  obj_id: 30
24:
- cam_R_m2c: [-0.74368950, 0.66817513, -0.02163770, 0.65000798, 0.71514678, -0.25701200, -0.15625482, -0.20520143, -0.96616600]
  cam_t_m2c: [-69.03863448, -53.90458020, 775.48818695]
  obj_bb: [246, 134, 66, 70]
  obj_id: 2
- cam_R_m2c: [-0.97877515, -0.02163772, 0.20379225, -0.19154405, -0.25701193, -0.94723608, 0.07287281, -0.96616602, 0.24741203]
  cam_t_m2c: [34.19511263, -30.38424367, 766.12478150]
  obj_bb: [355, 149, 143, 121]
  obj_id: 25
- cam_R_m2c: [0.84841794, -0.04928768, 0.52702750, -0.51594994, -0.29942624, 0.80258336, 0.11824838, -0.95284563, -0.27946817]
  cam_t_m2c: [9.29291385, 78.39387175, 729.20123107]
  obj_bb: [295, 277, 186, 171]
  obj_id: 29
- cam_R_m2c: [0.99620331, -0.08432705, -0.02163770, -0.08705439, -0.96247952, -0.25701200, 0.00084739, 0.25791952, -0.96616600]
  cam_t_m2c: [-96.10236195, 29.40401564, 758.07328075]
  obj_bb: [177, 228, 120, 120]
  obj_id: 30
25:
- cam_R_m2c: [-0.80077599, 0.59858411, -0.02131250, 0.58301789, 0.77080737, -0.25680000, -0.13728872, -0.21806445, -0.96623000]
  cam_t_m2c: [-62.30251377, -58.88291995, 776.63416700]
  obj_bb: [255, 128, 65, 70]
  obj_id: 2
- cam_R_m2c: [-0.95648570, -0.02131252, 0.29099866, -0.27606151, -0.25679993, -0.92619865, 0.09446766, -0.96623002, 0.23974178]
  cam_t_m2c: [38.25342159, -26.45896665, 765.00397657]
  obj_bb: [360, 153, 145, 128]
  obj_id: 25
- cam_R_m2c: [0.89255291, -0.04485735, 0.44870533, -0.44031227, -0.30147451, 0.84571764, 0.09733678, -0.95241894, -0.28883288]
  cam_t_m2c: [3.14794764, 79.78268688, 728.99751899]
  obj_bb: [284, 284, 187, 163]
  obj_id: 29
- cam_R_m2c: [0.99975678, 0.00561266, -0.02131250, -0.00004926, -0.96646462, -0.25680000, -0.02203875, 0.25673837, -0.96623000]
  cam_t_m2c: [-96.89950464, 21.77514672, 760.10018394]
  obj_bb: [175, 218, 120, 120]
  obj_id: 30
26:
- cam_R_m2c: [-0.84892318, 0.52808920, -0.02125880, 0.51513611, 0.81776660, -0.25669300, -0.11817219, -0.22886409, -0.96625900]
  cam_t_m2c: [-55.53986529, -63.05654866, 777.58103043]
  obj_bb: [265, 122, 64, 70]
  obj_id: 2
- cam_R_m2c: [-0.92817561, -0.02125883, 0.37153575, -0.35409417, -0.25669293, -0.89929126, 0.11448863, -0.96625902, 0.23072876]
  cam_t_m2c: [41.72220268, -22.43882280, 763.85605393]
  obj_bb: [365, 158, 146, 133]
  obj_id: 25
- cam_R_m2c: [0.92772741, -0.04073280, 0.37103018, -0.36530743, -0.30317107, 0.88013437, 0.07663535, -0.95206501, -0.29614041]
  cam_t_m2c: [-2.80171704, 80.58275043, 728.92308415]
  obj_bb: [276, 290, 186, 154]
  obj_id: 29
- cam_R_m2c: [0.99563518, 0.09088104, -0.02125880, 0.08241834, -0.96297177, -0.25669300, -0.04380022, 0.25382076, -0.96625900]
  cam_t_m2c: [-97.02144859, 14.49059538, 762.03240578]
  obj_bb: [176, 208, 119, 120]
  obj_id: 30
27:
- cam_R_m2c: [-0.89154596, 0.45243583, -0.02117570, 0.44224692, 0.85946917, -0.25638000, -0.09779536, -0.23793947, -0.96634400]
  cam_t_m2c: [-48.31974179, -66.69861517, 778.41427584]
  obj_bb: [275, 118, 64, 69]
  obj_id: 2
- cam_R_m2c: [-0.89243763, -0.02117573, 0.45067443, -0.43085480, -0.25637993, -0.86523625, 0.13386608, -0.96634402, 0.21967923]
  cam_t_m2c: [44.86439217, -18.04751536, 762.67007580]
  obj_bb: [371, 163, 145, 137]
  obj_id: 25
- cam_R_m2c: [0.95656568, -0.03636323, 0.28924142, -0.28628405, -0.30434547, 0.90852385, 0.05499218, -0.95186732, -0.30153659]
  cam_t_m2c: [-8.90747668, 80.91870659, 729.04836250]
  obj_bb: [268, 295, 184, 144]
  obj_id: 29
- cam_R_m2c: [0.98399577, 0.17693136, -0.02117570, 0.16570891, -0.95226580, -0.25638000, -0.06552679, 0.24876769, -0.96634400]
  cam_t_m2c: [-96.49314053, 7.11430732, 764.02598482]
  obj_bb: [177, 197, 119, 120]
  obj_id: 30
28:
- cam_R_m2c: [-0.92800923, 0.37196958, -0.02092360, 0.36460661, 0.89522916, -0.25617800, -0.07655914, -0.24536413, -0.96640300]
  cam_t_m2c: [-40.62908462, -69.76632150, 779.03052040]
  obj_bb: [285, 114, 64, 69]
  obj_id: 2
- cam_R_m2c: [-0.84917432, -0.02092364, 0.52769828, -0.50563887, -0.25617794, -0.82383409, 0.15242194, -0.96640302, 0.20695985]
  cam_t_m2c: [47.68535192, -13.31804251, 761.36033566]
  obj_bb: [376, 169, 143, 141]
  obj_id: 25
- cam_R_m2c: [0.97850228, -0.03163281, 0.20379635, -0.20361363, -0.30528125, 0.93023935, 0.03278931, -0.95173656, -0.30515896]
  cam_t_m2c: [-15.07873386, 80.73214144, 729.24518685]
  obj_bb: [260, 300, 181, 134]
  obj_id: 29
- cam_R_m2c: [0.96454047, 0.26310489, -0.02092360, 0.24920431, -0.93395420, -0.25617800, -0.08694308, 0.24187963, -0.96640300]
  cam_t_m2c: [-95.23760373, -0.32083171, 765.94302714]
  obj_bb: [178, 187, 119, 121]
  obj_id: 30
29:
- cam_R_m2c: [-0.95676197, 0.29013511, -0.02067320, 0.28558986, 0.92353280, -0.25598000, -0.05517603, -0.25081650, -0.96646100]
  cam_t_m2c: [-32.83891892, -72.12760010, 779.45883689]
  obj_bb: [296, 112, 64, 69]
  obj_id: 2
- cam_R_m2c: [-0.80024358, -0.02067325, 0.59931799, -0.57522850, -0.25597994, -0.77690835, 0.16947524, -0.96646101, 0.19295447]
  cam_t_m2c: [50.02299278, -8.45360044, 760.02685963]
  obj_bb: [381, 176, 141, 144]
  obj_id: 25
- cam_R_m2c: [0.99260789, -0.02690364, 0.11834268, -0.12088247, -0.30582421, 0.94438294, 0.01078426, -0.95170779, -0.30681616]
  cam_t_m2c: [-21.09489532, 80.03728180, 729.56779216]
  obj_bb: [254, 306, 178, 122]
  obj_id: 29
- cam_R_m2c: [0.93811004, 0.34571866, -0.02067320, 0.32929979, -0.90886525, -0.25598000, -0.10728683, 0.23332992, -0.96646100]
  cam_t_m2c: [-93.35050834, -7.49155538, 767.77233467]
  obj_bb: [182, 178, 117, 121]
  obj_id: 30
30:
- cam_R_m2c: [-0.97832442, 0.20603831, -0.02074610, 0.20441647, 0.94486445, -0.25582100, -0.03310687, -0.25451709, -0.96650200]
  cam_t_m2c: [-24.89982198, -73.85126288, 779.73245964]
  obj_bb: [307, 110, 63, 69]
  obj_id: 2
- cam_R_m2c: [-0.74523282, -0.02074615, 0.66648218, -0.64047598, -0.25582095, -0.72411702, 0.18552288, -0.96650201, 0.17735910]
  cam_t_m2c: [51.87928780, -3.43370837, 758.65119243]
  obj_bb: [383, 183, 140, 146]
  obj_id: 25
- cam_R_m2c: [0.99923961, -0.02244606, 0.03189404, -0.03723809, -0.30602717, 0.95129386, -0.01159222, -0.95175857, -0.30663068]
  cam_t_m2c: [-27.06751601, 78.81349475, 730.03391906]
  obj_bb: [244, 310, 176, 111]
  obj_id: 29
- cam_R_m2c: [0.90458011, 0.42579959, -0.02074610, 0.40690983, -0.87691466, -0.25582100, -0.12712106, 0.22296916, -0.96650200]
  cam_t_m2c: [-90.86149965, -14.50478096, 769.57865578]
  obj_bb: [185, 168, 117, 122]
  obj_id: 30
31:
- cam_R_m2c: [-0.99268204, 0.11900415, -0.02048930, 0.12027440, 0.95928189, -0.25556200, -0.01075761, -0.25615616, -0.96657600]
  cam_t_m2c: [-16.67841518, -74.89050856, 779.80359579]
  obj_bb: [318, 108, 63, 69]
  obj_id: 2
- cam_R_m2c: [-0.68358941, -0.02048936, 0.72957874, -0.70190861, -0.25556195, -0.66483984, 0.20007490, -0.96657601, 0.16031755]
  cam_t_m2c: [53.32802874, 1.84235036, 757.23703650]
  obj_bb: [386, 189, 137, 149]
  obj_id: 25
- cam_R_m2c: [0.99826588, -0.01757333, -0.05617673, 0.04812924, -0.30574694, 0.95089537, -0.03388657, -0.95195110, -0.30437096]
  cam_t_m2c: [-32.96242482, 77.08947384, 730.62958020]
  obj_bb: [234, 306, 175, 113]
  obj_id: 29
- cam_R_m2c: [0.86353187, 0.50387729, -0.02048930, 0.48271694, -0.83765866, -0.25556200, -0.14593519, 0.21079523, -0.96657600]
  cam_t_m2c: [-87.66911220, -21.37418698, 771.29709781]
  obj_bb: [190, 159, 117, 121]
  obj_id: 30
32:
- cam_R_m2c: [-0.99925749, 0.03251004, -0.02066770, 0.03671347, 0.96617564, -0.25525900, 0.01167008, -0.25582750, -0.96665200]
  cam_t_m2c: [-8.56323752, -75.24556815, 779.73938522]
  obj_bb: [330, 107, 63, 70]
  obj_id: 2
- cam_R_m2c: [-0.61777409, -0.02066776, 0.78608371, -0.75693362, -0.25525895, -0.60157690, 0.21308751, -0.96665201, 0.14204785]
  cam_t_m2c: [54.25047605, 7.10776783, 755.85543481]
  obj_bb: [388, 196, 134, 150]
  obj_id: 25
- cam_R_m2c: [0.98972200, -0.01323375, -0.14238966, 0.13161778, -0.30504026, 0.94320072, -0.05591647, -0.95224775, -0.30016254]
  cam_t_m2c: [-38.61083111, 74.89327701, 731.40047330]
  obj_bb: [224, 297, 180, 124]
  obj_id: 29
- cam_R_m2c: [0.81660246, 0.57683000, -0.02066770, 0.55352219, -0.79275244, -0.25525900, -0.16362491, 0.19700454, -0.96665200]
  cam_t_m2c: [-83.95765203, -27.85391402, 772.97492321]
  obj_bb: [195, 150, 117, 121]
  obj_id: 30
33:
- cam_R_m2c: [-0.99814554, -0.05730311, -0.02055000, -0.05018875, 0.96564930, -0.25495600, 0.03445411, -0.25345232, -0.96673400]
  cam_t_m2c: [-0.13500604, -74.87667636, 779.45755334]
  obj_bb: [341, 107, 63, 70]
  obj_id: 2
- cam_R_m2c: [-0.54473282, -0.02055006, 0.83835810, -0.80795666, -0.25495596, -0.53122832, 0.22466172, -0.96673401, 0.12227942]
  cam_t_m2c: [54.73364140, 12.64679922, 754.41433901]
  obj_bb: [388, 204, 131, 150]
  obj_id: 25
- cam_R_m2c: [0.97303115, -0.00849728, -0.23051817, 0.21710838, -0.30392078, 0.92762932, -0.07794192, -0.95265912, -0.29387999]
  cam_t_m2c: [-44.19392352, 72.14330375, 732.28632951]
  obj_bb: [215, 287, 182, 136]
  obj_id: 29
- cam_R_m2c: [0.76153963, 0.64779283, -0.02055000, 0.62251656, -0.73991258, -0.25495600, -0.18036437, 0.18136664, -0.96673400]
  cam_t_m2c: [-79.49198017, -34.20137613, 774.55482108]
  obj_bb: [201, 141, 117, 122]
  obj_id: 30
34:
- cam_R_m2c: [-0.98986906, -0.14048229, -0.02056990, -0.13067792, 0.95810553, -0.25486500, 0.05551218, -0.24959534, -0.96675800]
  cam_t_m2c: [7.62317734, -73.88277263, 778.99482967]
  obj_bb: [352, 108, 63, 70]
  obj_id: 2
- cam_R_m2c: [-0.47279658, -0.02056997, 0.88093100, -0.84952755, -0.25486497, -0.46189380, 0.23401991, -0.96675801, 0.10302474]
  cam_t_m2c: [54.69855419, 17.81018378, 753.02597701]
  obj_bb: [390, 212, 126, 149]
  obj_id: 25
- cam_R_m2c: [0.95043661, -0.00430525, -0.31088725, 0.29506481, -0.30270961, 0.90625755, -0.09801031, -0.95307325, -0.28643640]
  cam_t_m2c: [-49.15985329, 69.14283706, 733.16328414]
  obj_bb: [207, 278, 184, 145]
  obj_id: 29
- cam_R_m2c: [0.70476415, 0.70914282, -0.02056990, 0.68216300, -0.68534413, -0.25486500, -0.19483339, 0.16558799, -0.96675800]
  cam_t_m2c: [-74.84516149, -39.74543937, 775.88747925]
  obj_bb: [208, 133, 116, 122]
  obj_id: 30
35:
- cam_R_m2c: [-0.97363445, -0.22717709, -0.02066300, -0.21460517, 0.94291905, -0.25465200, 0.07733433, -0.24350279, -0.96681200]
  cam_t_m2c: [15.68177235, -72.13175979, 778.34819047]
  obj_bb: [362, 110, 63, 71]
  obj_id: 2
- cam_R_m2c: [-0.39331567, -0.02066307, 0.91917150, -0.88697435, -0.25465197, -0.38526384, 0.24202875, -0.96681201, 0.08183078]
  cam_t_m2c: [54.17776595, 23.26671305, 751.60391750]
  obj_bb: [390, 220, 122, 148]
  obj_id: 25
- cam_R_m2c: [0.91939434, -0.00007745, -0.39333761, 0.37507994, -0.30095146, 0.87677968, -0.11844299, -0.95363951, -0.27666331]
  cam_t_m2c: [-54.09772726, 65.58463535, 734.23252890]
  obj_bb: [199, 267, 185, 156]
  obj_id: 29
- cam_R_m2c: [0.63952073, 0.76849639, -0.02066300, 0.73994147, -0.62260608, -0.25465200, -0.20856333, 0.14756538, -0.96681200]
  cam_t_m2c: [-69.44330760, -45.14205460, 777.19592886]
  obj_bb: [215, 126, 116, 122]
  obj_id: 30
36:
- cam_R_m2c: [-0.95030329, -0.31063110, -0.02077520, -0.29545691, 0.92088900, -0.25429900, 0.09812464, -0.23552232, -0.96690300]
  cam_t_m2c: [23.41366062, -69.79086073, 777.52860973]
  obj_bb: [373, 114, 63, 70]
  obj_id: 2
- cam_R_m2c: [-0.31224536, -0.02077527, 0.94977411, -0.91708498, -0.25429898, -0.30706105, 0.24790520, -0.96690300, 0.06035074]
  cam_t_m2c: [53.18858629, 28.52831941, 750.23643028]
  obj_bb: [391, 229, 117, 146]
  obj_id: 25
- cam_R_m2c: [0.88192609, 0.00389976, -0.47137120, 0.45087793, -0.29872872, 0.84111210, -0.13753167, -0.95433065, -0.26521438]
  cam_t_m2c: [-58.60727198, 61.65446853, 735.38777656]
  obj_bb: [192, 257, 185, 164]
  obj_id: 29
- cam_R_m2c: [0.57057209, 0.82098448, -0.02077520, 0.79113886, -0.55626489, -0.25429900, -0.22033148, 0.12865942, -0.96690300]
  cam_t_m2c: [-63.67559931, -50.02095741, 778.33721845]
  obj_bb: [223, 119, 116, 122]
  obj_id: 30
37:
- cam_R_m2c: [-0.91984262, -0.39172953, -0.02091590, -0.37408126, 0.89195921, -0.25391500, 0.11812216, -0.22573767, -0.96700000]
  cam_t_m2c: [30.87580949, -66.77452626, 776.64462804]
  obj_bb: [383, 118, 63, 70]
  obj_id: 2
- cam_R_m2c: [-0.22885271, -0.02091597, 0.97323630, -0.94031627, -0.25391498, -0.22656864, 0.25185826, -0.96700000, 0.03844153]
  cam_t_m2c: [51.70834674, 33.72644608, 749.01038604]
  obj_bb: [391, 237, 111, 144]
  obj_id: 25
- cam_R_m2c: [0.83784568, 0.00766230, -0.54585333, 0.52328424, -0.29613964, 0.79904679, -0.15552631, -0.95511356, -0.25212891]
  cam_t_m2c: [-62.76893885, 57.39845127, 736.73310794]
  obj_bb: [186, 247, 184, 171]
  obj_id: 29
- cam_R_m2c: [0.49735796, 0.86729322, -0.02091590, 0.83639776, -0.48576416, -0.25391500, -0.23037902, 0.10879268, -0.96700000]
  cam_t_m2c: [-57.52238547, -54.36399901, 779.43439804]
  obj_bb: [231, 113, 116, 122]
  obj_id: 30
38:
- cam_R_m2c: [-0.88170345, -0.47134488, -0.02081350, -0.45137319, 0.85554125, -0.25359900, 0.13733950, -0.21420477, -0.96708600]
  cam_t_m2c: [38.21807883, -63.14535395, 775.56073846]
  obj_bb: [393, 123, 64, 70]
  obj_id: 2
- cam_R_m2c: [-0.14210955, -0.02081357, 0.98963218, -0.95672382, -0.25359899, -0.14271696, 0.25394048, -0.96708600, 0.01612610]
  cam_t_m2c: [49.77762879, 38.80052070, 747.78462675]
  obj_bb: [391, 242, 105, 144]
  obj_id: 25
- cam_R_m2c: [0.78646095, 0.01152139, -0.61753268, 0.59307809, -0.29324464, 0.74984466, -0.17244905, -0.95596851, -0.23745882]
  cam_t_m2c: [-66.54772183, 52.62973107, 738.12485834]
  obj_bb: [182, 236, 181, 178]
  obj_id: 29
- cam_R_m2c: [0.41891419, 0.90778735, -0.02081350, 0.87607701, -0.41009469, -0.25359900, -0.23874974, 0.08800218, -0.96708600]
  cam_t_m2c: [-50.83194446, -58.32881394, 780.35034244]
  obj_bb: [241, 108, 115, 122]
  obj_id: 30
39:
- cam_R_m2c: [-0.83833021, -0.54475544, -0.02107350, -0.52258867, 0.81402482, -0.25350600, 0.15525320, -0.20150893, -0.96710400]
  cam_t_m2c: [44.92062162, -59.02830082, 774.42331146]
  obj_bb: [402, 129, 63, 70]
  obj_id: 2
- cam_R_m2c: [-0.05726838, -0.02107358, 0.99813644, -0.96542503, -0.25350600, -0.06074412, 0.25431368, -0.96710400, -0.00582716]
  cam_t_m2c: [47.43702990, 43.55034367, 746.68564244]
  obj_bb: [391, 247, 97, 143]
  obj_id: 25
- cam_R_m2c: [0.73099912, 0.01465121, -0.68222119, 0.65600246, -0.29036478, 0.69667044, -0.18788601, -0.95680363, -0.22186755]
  cam_t_m2c: [-69.81570780, 47.76173736, 739.60003352]
  obj_bb: [179, 227, 177, 182]
  obj_id: 29
- cam_R_m2c: [0.34003858, 0.94017541, -0.02107350, 0.90783435, -0.33402413, -0.25350600, -0.24537920, 0.06707050, -0.96710400]
  cam_t_m2c: [-44.09712142, -61.56675052, 781.16450915]
  obj_bb: [250, 104, 115, 121]
  obj_id: 30
40:
- cam_R_m2c: [-0.78701767, -0.61656497, -0.02124290, -0.59231544, 0.76479694, -0.25347200, 0.17252906, -0.18690479, -0.96710900]
  cam_t_m2c: [51.45853781, -54.20625972, 773.00909186]
  obj_bb: [411, 135, 64, 69]
  obj_id: 2
- cam_R_m2c: [0.03098266, -0.02124298, 0.99929437, -0.96703002, -0.25347200, 0.02459421, 0.25277132, -0.96710900, -0.02839611]
  cam_t_m2c: [44.59577934, 48.23930394, 745.51555683]
  obj_bb: [388, 251, 94, 143]
  obj_id: 25
- cam_R_m2c: [0.66799660, 0.01771683, -0.74395368, 0.71612165, -0.28715991, 0.63616740, -0.20236345, -0.95771834, -0.20450945]
  cam_t_m2c: [-72.71936022, 42.44380714, 741.07478115]
  obj_bb: [178, 216, 171, 187]
  obj_id: 29
- cam_R_m2c: [0.25579645, 0.96649746, -0.02124290, 0.93375271, -0.25270104, -0.25347200, -0.25034883, 0.04500154, -0.96710900]
  cam_t_m2c: [-36.84381064, -64.33237332, 781.73872206]
  obj_bb: [260, 99, 115, 121]
  obj_id: 30
41:
- cam_R_m2c: [-0.73042846, -0.68264969, -0.02155540, -0.65649316, 0.71044657, -0.25353900, 0.18839252, -0.17104085, -0.96708500]
  cam_t_m2c: [57.43269370, -48.92558643, 771.43587110]
  obj_bb: [419, 143, 65, 69]
  obj_id: 2
- cam_R_m2c: [0.11774376, -0.02155547, 0.99281053, -0.96122155, -0.25353901, 0.10849298, 0.24937749, -0.96708500, -0.05057258]
  cam_t_m2c: [41.37612195, 52.60440739, 744.38177796]
  obj_bb: [377, 257, 103, 145]
  obj_id: 25
- cam_R_m2c: [0.60079169, 0.02029654, -0.79914853, 0.76988660, -0.28384231, 0.57158357, -0.21523119, -0.95865618, -0.18615580]
  cam_t_m2c: [-75.10787469, 36.97625258, 742.53848909]
  obj_bb: [178, 206, 164, 190]
  obj_id: 29
- cam_R_m2c: [0.17079899, 0.98507058, -0.02155540, 0.95215531, -0.17063956, -0.25353900, -0.25343204, 0.02277975, -0.96708500]
  cam_t_m2c: [-29.48938148, -66.44254751, 782.10184053]
  obj_bb: [270, 96, 115, 121]
  obj_id: 30
42:
- cam_R_m2c: [-0.66740170, -0.74438456, -0.02160080, -0.71660338, 0.64984592, -0.25333900, 0.20261842, -0.15360014, -0.96713600]
  cam_t_m2c: [63.00076269, -43.05799886, 769.84188766]
  obj_bb: [426, 151, 65, 69]
  obj_id: 2
- cam_R_m2c: [0.20481030, -0.02160087, 0.97856331, -0.94796779, -0.25333901, 0.19281388, 0.24374345, -0.96713599, -0.07236277]
  cam_t_m2c: [37.74575507, 56.76421486, 743.46378314]
  obj_bb: [365, 262, 112, 148]
  obj_id: 25
- cam_R_m2c: [0.52800237, 0.02286028, -0.84893516, 0.81856051, -0.27997290, 0.50157218, -0.22621244, -0.95973530, -0.16653936]
  cam_t_m2c: [-76.99438870, 31.26241950, 744.17017169]
  obj_bb: [178, 197, 157, 191]
  obj_id: 29
- cam_R_m2c: [0.08329091, 0.99629114, -0.02160080, 0.96354353, -0.08604651, -0.25333900, -0.25425803, 0.00028814, -0.96713600]
  cam_t_m2c: [-21.85038022, -67.93536832, 782.38946673]
  obj_bb: [280, 94, 115, 119]
  obj_id: 30
43:
- cam_R_m2c: [-0.60015463, -0.79958438, -0.02191910, -0.77030033, 0.58512369, -0.25351100, 0.21552843, -0.13526194, -0.96708400]
  cam_t_m2c: [67.92718065, -36.84286071, 768.05733921]
  obj_bb: [433, 159, 65, 70]
  obj_id: 2
- cam_R_m2c: [0.28910855, -0.02191917, 0.95704598, -0.92759559, -0.25351102, 0.27440619, 0.23660707, -0.96708399, -0.09362376]
  cam_t_m2c: [33.79346844, 60.52480158, 742.51301240]
  obj_bb: [354, 268, 119, 148]
  obj_id: 25
- cam_R_m2c: [0.45219162, 0.02477631, -0.89157730, 0.86020287, -0.27632083, 0.42860002, -0.23574195, -0.96074586, -0.14626308]
  cam_t_m2c: [-78.35500946, 25.47224985, 745.70660957]
  obj_bb: [181, 189, 148, 191]
  obj_id: 29
- cam_R_m2c: [-0.00364125, 0.99975372, -0.02191910, 0.96733045, -0.00203466, -0.25351100, -0.25349312, -0.02212553, -0.96708400]
  cam_t_m2c: [-14.23245385, -68.77108493, 782.42524149]
  obj_bb: [291, 93, 115, 119]
  obj_id: 30
44:
