0:
  cam_K: [1076.74064739, 0.00000000, 372.98264967, 0.00000000, 1075.17825536, 240.59181836, 0.00000000, 0.00000000, 1.00000000]
  cam_R_w2c: [-0.01782430, -0.99958000, -0.02283090, -0.96725500, 0.02302110, -0.25276100, 0.25318000, 0.01757800, -0.96725900]
  cam_t_w2c: [-8.76609000, 26.84870000, 783.75500000]
  elev: 75
  mode: 0
1:
  cam_K: [1076.74064739, 0.00000000, 372.98264967, 0.00000000, 1075.17825536, 240.59181836, 0.00000000, 0.00000000, 1.00000000]
  cam_R_w2c: [0.07014000, -0.99727800, -0.02273880, -0.96558400, -0.06215240, -0.25255500, 0.25045400, 0.03967040, -0.96731500]
  cam_t_w2c: [-9.10064000, 26.74680000, 783.92400000]
  elev: 75
  mode: 0
2:
  cam_K: [1076.74064739, 0.00000000, 373.98264967, 0.00000000, 1075.17825536, 241.59181836, 0.00000000, 0.00000000, 1.00000000]
  cam_R_w2c: [0.15610300, -0.98747000, -0.02311000, -0.95658400, -0.14530700, -0.25265200, 0.24612800, 0.06154630, -0.96728100]
  cam_t_w2c: [-9.45105000, 26.65900000, 783.93700000]
  elev: 75
  mode: 0
3:
  cam_K: [1076.74064739, 0.00000000, 373.98264967, 0.00000000, 1075.17825536, 241.59181836, 0.00000000, 0.00000000, 1.00000000]
  cam_R_w2c: [0.24084900, -0.97028200, -0.02331640, -0.94045500, -0.22737300, -0.25267600, 0.23986500, 0.08278470, -0.96727000]
  cam_t_w2c: [-9.78322000, 26.53920000, 784.08000000]
  elev: 75
  mode: 0
4:
  cam_K: [1076.74064739, 0.00000000, 374.98264967, 0.00000000, 1075.17825536, 241.59181836, 0.00000000, 0.00000000, 1.00000000]
  cam_R_w2c: [0.32533000, -0.94530600, -0.02360640, -0.91677800, -0.30919900, -0.25281400, 0.23168700, 0.10389000, -0.96722700]
  cam_t_w2c: [-10.09980000, 26.38850000, 784.11400000]
  elev: 75
  mode: 0
5:
  cam_K: [1076.74064739, 0.00000000, 374.98264967, 0.00000000, 1075.17825536, 241.59181836, 0.00000000, 0.00000000, 1.00000000]
  cam_R_w2c: [0.40729400, -0.91299100, -0.02363800, -0.88597100, -0.38869200, -0.25293000, 0.22173500, 0.12396000, -0.96719600]
  cam_t_w2c: [-10.38880000, 26.18830000, 784.19300000]
  elev: 75
  mode: 0
6:
  cam_K: [1076.74064739, 0.00000000, 375.98264967, 0.00000000, 1075.17825536, 241.59181836, 0.00000000, 0.00000000, 1.00000000]
  cam_R_w2c: [0.48485200, -0.87427000, -0.02387660, -0.84896300, -0.46390500, -0.25309000, 0.21019300, 0.14298200, -0.96714800]
  cam_t_w2c: [-10.67690000, 26.00330000, 784.23600000]
  elev: 75
  mode: 0
7:
  cam_K: [1076.74064739, 0.00000000, 375.98264967, 0.00000000, 1075.17825536, 242.59181836, 0.00000000, 0.00000000, 1.00000000]
  cam_R_w2c: [0.55895000, -0.82885300, -0.02402580, -0.80541200, -0.53579600, -0.25344300, 0.19719400, 0.16101300, -0.96705200]
  cam_t_w2c: [-10.93900000, 25.73540000, 784.30800000]
  elev: 75
  mode: 0
8:
  cam_K: [1076.74064739, 0.00000000, 376.98264967, 0.00000000, 1075.17825536, 242.59181836, 0.00000000, 0.00000000, 1.00000000]
  cam_R_w2c: [0.62877100, -0.77721000, -0.02430520, -0.75584200, -0.60354600, -0.25384000, 0.18261800, 0.17797800, -0.96694100]
  cam_t_w2c: [-11.17710000, 25.51230000, 784.29900000]
  elev: 75
  mode: 0
9:
  cam_K: [1076.74064739, 0.00000000, 376.98264967, 0.00000000, 1075.17825536, 243.59181836, 0.00000000, 0.00000000, 1.00000000]
  cam_R_w2c: [0.69492700, -0.71866700, -0.02437660, -0.69956000, -0.66783000, -0.25420300, 0.16640800, 0.19370500, -0.96684400]
  cam_t_w2c: [-11.39380000, 25.21310000, 784.33500000]
  elev: 75
  mode: 0
10:
  cam_K: [1076.74064739, 0.00000000, 376.98264967, 0.00000000, 1075.17825536, 243.59181836, 0.00000000, 0.00000000, 1.00000000]
  cam_R_w2c: [0.75477900, -0.65551800, -0.02458280, -0.63883400, -0.72602500, -0.25451800, 0.14899300, 0.20780900, -0.96675600]
  cam_t_w2c: [-11.59250000, 24.95560000, 784.38800000]
  elev: 75
  mode: 0
11:
  cam_K: [1076.74064739, 0.00000000, 376.98264967, 0.00000000, 1075.17825536, 243.59181836, 0.00000000, 0.00000000, 1.00000000]
  cam_R_w2c: [0.80884000, -0.58752100, -0.02442980, -0.57330400, -0.77866500, -0.25495900, 0.13077100, 0.22022600, -0.96664300]
  cam_t_w2c: [-11.74400000, 24.67330000, 784.38600000]
  elev: 75
  mode: 0
12:
  cam_K: [1076.74064739, 0.00000000, 377.98264967, 0.00000000, 1075.17825536, 244.59181836, 0.00000000, 0.00000000, 1.00000000]
  cam_R_w2c: [0.85754000, -0.51383900, -0.02440870, -0.50227700, -0.82610900, -0.25546600, 0.11110400, 0.23133200, -0.96651000]
  cam_t_w2c: [-11.88500000, 24.33390000, 784.44100000]
  elev: 75
  mode: 0
13:
  cam_K: [1076.74064739, 0.00000000, 377.98264967, 0.00000000, 1075.17825536, 244.59181836, 0.00000000, 0.00000000, 1.00000000]
  cam_R_w2c: [0.89895900, -0.43735200, -0.02440260, -0.42851900, -0.86652200, -0.25595300, 0.09079600, 0.24054800, -0.96638100]
  cam_t_w2c: [-11.99250000, 24.01570000, 784.47400000]
  elev: 75
  mode: 0
14:
  cam_K: [1076.74064739, 0.00000000, 377.98264967, 0.00000000, 1075.17825536, 245.59181836, 0.00000000, 0.00000000, 1.00000000]
  cam_R_w2c: [0.93358400, -0.35754900, -0.02407110, -0.35145600, -0.90041400, -0.25638400, 0.06999570, 0.24781600, -0.96627500]
  cam_t_w2c: [-12.05100000, 23.67200000, 784.49800000]
  elev: 75
  mode: 0
15:
  cam_K: [1076.74064739, 0.00000000, 377.98264967, 0.00000000, 1075.17825536, 245.59181836, 0.00000000, 0.00000000, 1.00000000]
  cam_R_w2c: [0.96106100, -0.27530900, -0.02382150, -0.27202600, -0.92737600, -0.25685700, 0.04862330, 0.25333500, -0.96615600]
  cam_t_w2c: [-12.08380000, 23.35140000, 784.53900000]
  elev: 75
  mode: 0
16:
  cam_K: [1076.74064739, 0.00000000, 377.98264967, 0.00000000, 1075.17825536, 246.59181836, 0.00000000, 0.00000000, 1.00000000]
  cam_R_w2c: [0.98131000, -0.19096500, -0.02370870, -0.19057600, -0.94737900, -0.25720200, 0.02665550, 0.25691400, -0.96606700]
  cam_t_w2c: [-12.09990000, 22.99620000, 784.61900000]
  elev: 75
  mode: 0
17:
  cam_K: [1076.74064739, 0.00000000, 377.98264967, 0.00000000, 1075.17825536, 246.59181836, 0.00000000, 0.00000000, 1.00000000]
  cam_R_w2c: [0.99433100, -0.10371500, -0.02342560, -0.10624400, -0.96043700, -0.25743700, 0.00420112, 0.25846600, -0.96601100]
  cam_t_w2c: [-12.06910000, 22.68340000, 784.68100000]
  elev: 75
  mode: 0
18:
  cam_K: [1076.74064739, 0.00000000, 377.98264967, 0.00000000, 1075.17825536, 247.59181836, 0.00000000, 0.00000000, 1.00000000]
  cam_R_w2c: [0.99958500, -0.01707360, -0.02321910, -0.02248340, -0.96599200, -0.25759200, -0.01803140, 0.25800700, -0.96597500]
  cam_t_w2c: [-12.00800000, 22.34910000, 784.75900000]
  elev: 75
  mode: 0
19:
  cam_K: [1076.74064739, 0.00000000, 377.98264967, 0.00000000, 1075.17825536, 247.59181836, 0.00000000, 0.00000000, 1.00000000]
  cam_R_w2c: [0.99708100, 0.07280780, -0.02298480, 0.06446470, -0.96412100, -0.25751700, -0.04090940, 0.25528400, -0.96600000]
  cam_t_w2c: [-11.94720000, 22.04470000, 784.88600000]
  elev: 75
  mode: 0
20:
  cam_K: [1076.74064739, 0.00000000, 377.98264967, 0.00000000, 1075.17825536, 248.59181836, 0.00000000, 0.00000000, 1.00000000]
  cam_R_w2c: [0.98747300, 0.15614000, -0.02273270, 0.14512200, -0.95529300, -0.25759300, -0.06193700, 0.25106700, -0.96598600]
  cam_t_w2c: [-11.83200000, 21.73830000, 784.95800000]
  elev: 75
  mode: 0
21:
  cam_K: [1076.74064739, 0.00000000, 376.98264967, 0.00000000, 1075.17825536, 248.59181836, 0.00000000, 0.00000000, 1.00000000]
  cam_R_w2c: [0.96984600, 0.24268700, -0.02239530, 0.22896000, -0.93875200, -0.25753100, -0.08352310, 0.24463800, -0.96601100]
  cam_t_w2c: [-11.70390000, 21.42780000, 785.09800000]
  elev: 75
  mode: 0
22:
  cam_K: [1076.74064739, 0.00000000, 376.98264967, 0.00000000, 1075.17825536, 248.59181836, 0.00000000, 0.00000000, 1.00000000]
  cam_R_w2c: [0.94517100, 0.32583000, -0.02206480, 0.30955100, -0.91538100, -0.25740200, -0.10406700, 0.23645900, -0.96605200]
  cam_t_w2c: [-11.53620000, 21.15330000, 785.20800000]
  elev: 75
  mode: 0
23:
  cam_K: [1076.74064739, 0.00000000, 376.98264967, 0.00000000, 1075.17825536, 249.59181836, 0.00000000, 0.00000000, 1.00000000]
  cam_R_w2c: [0.91270500, 0.40803700, -0.02180010, 0.38927100, -0.88447300, -0.25724500, -0.12424700, 0.22630300, -0.96610000]
  cam_t_w2c: [-11.35740000, 20.87500000, 785.30400000]
  elev: 75
  mode: 0
24:
  cam_K: [1076.74064739, 0.00000000, 376.98264967, 0.00000000, 1075.17825536, 249.59181836, 0.00000000, 0.00000000, 1.00000000]
  cam_R_w2c: [0.87389400, 0.48563500, -0.02163770, 0.46456200, -0.84742400, -0.25701200, -0.14315000, 0.21454900, -0.96616600]
  cam_t_w2c: [-11.15580000, 20.63140000, 785.41500000]
  elev: 75
  mode: 0
25:
  cam_K: [1076.74064739, 0.00000000, 375.98264967, 0.00000000, 1075.17825536, 250.59181836, 0.00000000, 0.00000000, 1.00000000]
  cam_R_w2c: [0.82668000, 0.56226800, -0.02131250, 0.53900000, -0.80220500, -0.25680000, -0.16148700, 0.20080400, -0.96623000]
  cam_t_w2c: [-10.90850000, 20.39500000, 785.47900000]
  elev: 75
  mode: 0
26:
  cam_K: [1076.74064739, 0.00000000, 375.98264967, 0.00000000, 1075.17825536, 250.59181836, 0.00000000, 0.00000000, 1.00000000]
  cam_R_w2c: [0.77570100, 0.63074300, -0.02125880, 0.60550100, -0.75331000, -0.25669300, -0.17792200, 0.18624500, -0.96625900]
  cam_t_w2c: [-10.67340000, 20.18040000, 785.52900000]
  elev: 75
  mode: 0
27:
  cam_K: [1076.74064739, 0.00000000, 375.98264967, 0.00000000, 1075.17825536, 250.59181836, 0.00000000, 0.00000000, 1.00000000]
  cam_R_w2c: [0.71804600, 0.69567400, -0.02117570, 0.66866200, -0.69796900, -0.25638000, -0.19313700, 0.16993300, -0.96634400]
  cam_t_w2c: [-10.42440000, 19.99910000, 785.62700000]
  elev: 75
  mode: 0
28:
  cam_K: [1076.74064739, 0.00000000, 374.98264967, 0.00000000, 1075.17825536, 250.59181836, 0.00000000, 0.00000000, 1.00000000]
  cam_R_w2c: [0.65383500, 0.75634800, -0.02092360, 0.72775100, -0.63620100, -0.25617800, -0.20707100, 0.15227100, -0.96640300]
  cam_t_w2c: [-10.11910000, 19.84270000, 785.65900000]
  elev: 75
  mode: 0
29:
  cam_K: [1076.74064739, 0.00000000, 374.98264967, 0.00000000, 1075.17825536, 251.59181836, 0.00000000, 0.00000000, 1.00000000]
  cam_R_w2c: [0.58582000, 0.81017700, -0.02067320, 0.78023800, -0.57070400, -0.25598000, -0.21918800, 0.13382800, -0.96646100]
  cam_t_w2c: [-9.80761000, 19.71690000, 785.68100000]
  elev: 75
  mode: 0
30:
  cam_K: [1076.74064739, 0.00000000, 373.98264967, 0.00000000, 1075.17825536, 251.59181836, 0.00000000, 0.00000000, 1.00000000]
  cam_R_w2c: [0.51332500, 0.85794400, -0.02074610, 0.82683500, -0.50089800, -0.25582100, -0.22987200, 0.11416600, -0.96650200]
  cam_t_w2c: [-9.51328000, 19.59450000, 785.70800000]
  elev: 75
  mode: 0
31:
  cam_K: [1076.74064739, 0.00000000, 373.98264967, 0.00000000, 1075.17825536, 251.59181836, 0.00000000, 0.00000000, 1.00000000]
  cam_R_w2c: [0.43570700, 0.89985500, -0.02048930, 0.86786100, -0.42603400, -0.25556200, -0.23869800, 0.09356800, -0.96657600]
  cam_t_w2c: [-9.18298000, 19.52020000, 785.72000000]
  elev: 75
  mode: 0
32:
  cam_K: [1076.74064739, 0.00000000, 373.98264967, 0.00000000, 1075.17825536, 251.59181836, 0.00000000, 0.00000000, 1.00000000]
  cam_R_w2c: [0.35606600, 0.93423200, -0.02066770, 0.90158400, -0.34927000, -0.25525900, -0.24568900, 0.07225520, -0.96665200]
  cam_t_w2c: [-8.86731000, 19.45430000, 785.77400000]
  elev: 75
  mode: 0
33:
  cam_K: [1076.74064739, 0.00000000, 372.98264967, 0.00000000, 1075.17825536, 251.59181836, 0.00000000, 0.00000000, 1.00000000]
  cam_R_w2c: [0.27078400, 0.96242100, -0.02055000, 0.92937900, -0.26693100, -0.25495600, -0.25086100, 0.04993920, -0.96673400]
  cam_t_w2c: [-8.51639000, 19.43210000, 785.79600000]
  elev: 75
  mode: 0
34:
  cam_K: [1076.74064739, 0.00000000, 372.98264967, 0.00000000, 1075.17825536, 251.59181836, 0.00000000, 0.00000000, 1.00000000]
  cam_R_w2c: [0.18944200, 0.98167600, -0.02056990, 0.94845100, -0.18837100, -0.25486500, -0.25407000, 0.02877270, -0.96675800]
  cam_t_w2c: [-8.20712000, 19.43480000, 785.76200000]
  elev: 75
  mode: 0
35:
  cam_K: [1076.74064739, 0.00000000, 371.98264967, 0.00000000, 1075.17825536, 251.59181836, 0.00000000, 0.00000000, 1.00000000]
  cam_R_w2c: [0.10218500, 0.99455100, -0.02066300, 0.96141600, -0.10407200, -0.25465200, -0.25541400, 0.00615591, -0.96681200]
  cam_t_w2c: [-7.88080000, 19.49030000, 785.74900000]
  elev: 75
  mode: 0
36:
  cam_K: [1076.74064739, 0.00000000, 371.98264967, 0.00000000, 1075.17825536, 251.59181836, 0.00000000, 0.00000000, 1.00000000]
  cam_R_w2c: [0.01568180, 0.99966100, -0.02077520, 0.96690900, -0.02045290, -0.25429900, -0.25463700, -0.01609990, -0.96690300]
  cam_t_w2c: [-7.56180000, 19.52780000, 785.73000000]
  elev: 75
  mode: 0
37:
  cam_K: [1076.74064739, 0.00000000, 370.98264967, 0.00000000, 1075.17825536, 251.59181836, 0.00000000, 0.00000000, 1.00000000]
  cam_R_w2c: [-0.07091530, 0.99726300, -0.02091590, 0.96515300, 0.06330650, -0.25391500, -0.25189600, -0.03819350, -0.96700000]
  cam_t_w2c: [-7.27236000, 19.62780000, 785.80600000]
  elev: 75
  mode: 0
38:
  cam_K: [1076.74064739, 0.00000000, 370.98264967, 0.00000000, 1075.17825536, 251.59181836, 0.00000000, 0.00000000, 1.00000000]
  cam_R_w2c: [-0.15861000, 0.98712200, -0.02081350, 0.95588300, 0.14824400, -0.25359900, -0.24724800, -0.06011860, -0.96708600]
  cam_t_w2c: [-6.94713000, 19.67430000, 785.83600000]
  elev: 75
  mode: 0
39:
  cam_K: [1076.74064739, 0.00000000, 369.98264967, 0.00000000, 1075.17825536, 251.59181836, 0.00000000, 0.00000000, 1.00000000]
  cam_R_w2c: [-0.24214200, 0.97001200, -0.02107350, 0.93981400, 0.22909600, -0.25350600, -0.24107600, -0.08118970, -0.96710400]
  cam_t_w2c: [-6.67252000, 19.78020000, 785.91000000]
  elev: 75
  mode: 0
40:
  cam_K: [1076.74064739, 0.00000000, 369.98264967, 0.00000000, 1075.17825536, 250.59181836, 0.00000000, 0.00000000, 1.00000000]
  cam_R_w2c: [-0.32674500, 0.94487400, -0.02124290, 0.91596900, 0.31105100, -0.25347200, -0.23289200, -0.10227900, -0.96710900]
  cam_t_w2c: [-6.39068000, 19.90500000, 785.87600000]
  elev: 75
  mode: 0
41:
  cam_K: [1076.74064739, 0.00000000, 369.98264967, 0.00000000, 1075.17825536, 250.59181836, 0.00000000, 0.00000000, 1.00000000]
  cam_R_w2c: [-0.40765300, 0.91288300, -0.02155540, 0.88547400, 0.38942700, -0.25353900, -0.22305700, -0.12244300, -0.96708500]
  cam_t_w2c: [-6.13308000, 20.05210000, 785.79000000]
  elev: 75
  mode: 0
42:
  cam_K: [1076.74064739, 0.00000000, 368.98264967, 0.00000000, 1075.17825536, 250.59181836, 0.00000000, 0.00000000, 1.00000000]
  cam_R_w2c: [-0.48654400, 0.87338900, -0.02160080, 0.84774500, 0.46599200, -0.25333900, -0.21119800, -0.14157200, -0.96713600]
  cam_t_w2c: [-5.87355000, 20.23160000, 785.82100000]
  elev: 75
  mode: 0
43:
  cam_K: [1076.74064739, 0.00000000, 368.98264967, 0.00000000, 1075.17825536, 250.59181836, 0.00000000, 0.00000000, 1.00000000]
  cam_R_w2c: [-0.56063000, 0.82777700, -0.02191910, 0.80403100, 0.53783500, -0.25351100, -0.19806200, -0.15974900, -0.96708400]
  cam_t_w2c: [-5.64345000, 20.42380000, 785.73400000]
  elev: 75
  mode: 0
44:
  cam_K: [1076.74064739, 0.00000000, 368.98264967, 0.00000000, 1075.17825536, 249.59181836, 0.00000000, 0.00000000, 1.00000000]
  cam_R_w2c: [-0.63034100, 0.77600400, -0.02208550, 0.75434700, 0.60553300, -0.25355500, -0.18338600, -0.17648600, -0.96706900]
  cam_t_w2c: [-5.41514000, 20.63950000, 785.67400000]
  elev: 75
  mode: 0
45:
  cam_K: [1076.74064739, 0.00000000, 367.98264967, 0.00000000, 1075.17825536, 249.59181836, 0.00000000, 0.00000000, 1.00000000]
  cam_R_w2c: [-0.69533100, 0.71834600, -0.02222530, 0.69893800, 0.66869800, -0.25363100, -0.16733300, -0.19189200, -0.96704600]
  cam_t_w2c: [-5.21399000, 20.85890000, 785.59900000]
  elev: 75
  mode: 0
46:
  cam_K: [1076.74064739, 0.00000000, 367.98264967, 0.00000000, 1075.17825536, 249.59181836, 0.00000000, 0.00000000, 1.00000000]
  cam_R_w2c: [-0.75598400, 0.65420800, -0.02234300, 0.63720600, 0.72766500, -0.25391400, -0.14985500, -0.20619200, -0.96696900]
  cam_t_w2c: [-5.02687000, 21.11200000, 785.48600000]
  elev: 75
  mode: 0
47:
  cam_K: [1076.74064739, 0.00000000, 367.98264967, 0.00000000, 1075.17825536, 248.59181836, 0.00000000, 0.00000000, 1.00000000]
  cam_R_w2c: [-0.81072400, 0.58499800, -0.02245180, 0.57053200, 0.78091700, -0.25428700, -0.13122400, -0.21896600, -0.96686800]
  cam_t_w2c: [-4.86459000, 21.38710000, 785.29300000]
  elev: 75
  mode: 0
48:
  cam_K: [1076.74064739, 0.00000000, 367.98264967, 0.00000000, 1075.17825536, 248.59181836, 0.00000000, 0.00000000, 1.00000000]
  cam_R_w2c: [-0.85831800, 0.51262900, -0.02241310, 0.50076400, 0.82732600, -0.25449400, -0.11191800, -0.22966100, -0.96681500]
  cam_t_w2c: [-4.72604000, 21.66420000, 785.19500000]
  elev: 75
  mode: 0
49:
  cam_K: [1076.74064739, 0.00000000, 366.98264967, 0.00000000, 1075.17825536, 248.59181836, 0.00000000, 0.00000000, 1.00000000]
  cam_R_w2c: [-0.89953600, 0.43627200, -0.02239040, 0.42710900, 0.86757100, -0.25475200, -0.09171570, -0.23872200, -0.96674700]
  cam_t_w2c: [-4.60286000, 21.94100000, 785.05800000]
  elev: 75
  mode: 0
50:
  cam_K: [1076.74064739, 0.00000000, 366.98264967, 0.00000000, 1075.17825536, 247.59181836, 0.00000000, 0.00000000, 1.00000000]
  cam_R_w2c: [-0.93333000, 0.35832100, -0.02237190, 0.35187200, 0.90060300, -0.25514800, -0.07127670, -0.24601000, -0.96664300]
  cam_t_w2c: [-4.52039000, 22.24040000, 784.91000000]
  elev: 75
  mode: 0
51:
  cam_K: [1076.74064739, 0.00000000, 366.98264967, 0.00000000, 1075.17825536, 247.59181836, 0.00000000, 0.00000000, 1.00000000]
  cam_R_w2c: [-0.96126100, 0.27474400, -0.02222390, 0.27115200, 0.92803300, -0.25540300, -0.04954590, -0.25153500, -0.96657900]
  cam_t_w2c: [-4.46161000, 22.54510000, 784.71200000]
  elev: 75
  mode: 0
52:
  cam_K: [1076.74064739, 0.00000000, 366.98264967, 0.00000000, 1075.17825536, 246.59181836, 0.00000000, 0.00000000, 1.00000000]
  cam_R_w2c: [-0.98141700, 0.19061400, -0.02205760, 0.18985800, 0.94793600, -0.25567800, -0.02782680, -0.25511500, -0.96651000]
  cam_t_w2c: [-4.42257000, 22.82560000, 784.62100000]
  elev: 75
  mode: 0
53:
  cam_K: [1076.74064739, 0.00000000, 366.98264967, 0.00000000, 1075.17825536, 246.59181836, 0.00000000, 0.00000000, 1.00000000]
  cam_R_w2c: [-0.99421700, 0.10514300, -0.02187200, 0.10723200, 0.96073600, -0.25590600, -0.00589352, -0.25677100, -0.96645400]
  cam_t_w2c: [-4.41070000, 23.15290000, 784.48700000]
  elev: 75
  mode: 0
54:
  cam_K: [1076.74064739, 0.00000000, 366.98264967, 0.00000000, 1075.17825536, 246.59181836, 0.00000000, 0.00000000, 1.00000000]
  cam_R_w2c: [-0.99961400, 0.01717140, -0.02182720, 0.02219180, 0.96641100, -0.25604100, 0.01669750, -0.25642600, -0.96642000]
  cam_t_w2c: [-4.44410000, 23.45060000, 784.32700000]
  elev: 75
  mode: 0
55:
  cam_K: [1076.74064739, 0.00000000, 366.98264967, 0.00000000, 1075.17825536, 245.59181836, 0.00000000, 0.00000000, 1.00000000]
  cam_R_w2c: [-0.99734100, -0.06953930, -0.02181710, -0.06166640, 0.96472400, -0.25593900, 0.03884530, -0.25391300, -0.96644700]
  cam_t_w2c: [-4.50319000, 23.78900000, 784.25200000]
  elev: 75
  mode: 0
56:
  cam_K: [1076.74064739, 0.00000000, 366.98264967, 0.00000000, 1075.17825536, 245.59181836, 0.00000000, 0.00000000, 1.00000000]
  cam_R_w2c: [-0.98759300, -0.15554800, -0.02157260, -0.14494800, 0.95578200, -0.25587400, 0.06041940, -0.24957300, -0.96646900]
  cam_t_w2c: [-4.57031000, 24.07910000, 784.19200000]
  elev: 75
  mode: 0
57:
  cam_K: [1076.74064739, 0.00000000, 366.98264967, 0.00000000, 1075.17825536, 244.59181836, 0.00000000, 0.00000000, 1.00000000]
  cam_R_w2c: [-0.97041200, -0.24048700, -0.02158370, -0.22718100, 0.93967000, -0.25575100, 0.08178650, -0.24328100, -0.96650200]
  cam_t_w2c: [-4.68164000, 24.39440000, 784.17000000]
  elev: 75
  mode: 0
58:
  cam_K: [1076.74064739, 0.00000000, 366.98264967, 0.00000000, 1075.17825536, 244.59181836, 0.00000000, 0.00000000, 1.00000000]
  cam_R_w2c: [-0.94553900, -0.32480800, -0.02133820, -0.30892500, 0.91609400, -0.25561200, 0.10257300, -0.23509900, -0.96654400]
  cam_t_w2c: [-4.80731000, 24.69440000, 784.08200000]
  elev: 75
  mode: 0
59:
  cam_K: [1076.74064739, 0.00000000, 367.98264967, 0.00000000, 1075.17825536, 243.59181836, 0.00000000, 0.00000000, 1.00000000]
  cam_R_w2c: [-0.91389000, -0.40540400, -0.02127670, -0.38706000, 0.88594800, -0.25550300, 0.12243200, -0.22526600, -0.96657400]
  cam_t_w2c: [-4.97530000, 24.98280000, 784.00000000]
  elev: 75
  mode: 0
60:
  cam_K: [1076.74064739, 0.00000000, 367.98264967, 0.00000000, 1075.17825536, 243.59181836, 0.00000000, 0.00000000, 1.00000000]
  cam_R_w2c: [-0.87538100, -0.48296800, -0.02124130, -0.46233400, 0.84920400, -0.25514700, 0.14126600, -0.21353000, -0.96666900]
  cam_t_w2c: [-5.16187000, 25.26220000, 783.97000000]
  elev: 75
  mode: 0
61:
  cam_K: [1076.74064739, 0.00000000, 367.98264967, 0.00000000, 1075.17825536, 242.59181836, 0.00000000, 0.00000000, 1.00000000]
  cam_R_w2c: [-0.82774100, -0.56071100, -0.02115610, -0.53784300, 0.80359900, -0.25486100, 0.15990400, -0.19958000, -0.96674600]
  cam_t_w2c: [-5.37522000, 25.53740000, 783.94400000]
  elev: 75
  mode: 0
62:
  cam_K: [1076.74064739, 0.00000000, 368.98264967, 0.00000000, 1075.17825536, 242.59181836, 0.00000000, 0.00000000, 1.00000000]
  cam_R_w2c: [-0.77811900, -0.62775600, -0.02128670, -0.60299500, 0.75605700, -0.25450800, 0.17586300, -0.18520200, -0.96683600]
  cam_t_w2c: [-5.60612000, 25.74580000, 783.92300000]
  elev: 75
  mode: 0
63:
  cam_K: [1076.74064739, 0.00000000, 368.98264967, 0.00000000, 1075.17825536, 242.59181836, 0.00000000, 0.00000000, 1.00000000]
  cam_R_w2c: [-0.71982600, -0.69383000, -0.02119600, -0.66726600, 0.70003800, -0.25436800, 0.19132700, -0.16895800, -0.96687500]
  cam_t_w2c: [-5.85959000, 25.97830000, 783.86900000]
  elev: 75
  mode: 0
64:
  cam_K: [1076.74064739, 0.00000000, 368.98264967, 0.00000000, 1075.17825536, 241.59181836, 0.00000000, 0.00000000, 1.00000000]
  cam_R_w2c: [-0.65587400, -0.75456700, -0.02141970, -0.72636100, 0.63857400, -0.25421100, 0.20549800, -0.15117200, -0.96691100]
  cam_t_w2c: [-6.14509000, 26.18580000, 783.83600000]
  elev: 75
  mode: 0
65:
  cam_K: [1076.74064739, 0.00000000, 369.98264967, 0.00000000, 1075.17825536, 241.59181836, 0.00000000, 0.00000000, 1.00000000]
  cam_R_w2c: [-0.58820100, -0.80843200, -0.02135440, -0.77890200, 0.57342400, -0.25396200, 0.21755600, -0.13274800, -0.96697800]
  cam_t_w2c: [-6.42089000, 26.36980000, 783.76500000]
  elev: 75
  mode: 0
66:
  cam_K: [1076.74064739, 0.00000000, 369.98264967, 0.00000000, 1075.17825536, 241.59181836, 0.00000000, 0.00000000, 1.00000000]
  cam_R_w2c: [-0.51602100, -0.85630600, -0.02150440, -0.82567800, 0.50393300, -0.25358700, 0.22798500, -0.11310100, -0.96707400]
  cam_t_w2c: [-6.72054000, 26.52990000, 783.79400000]
  elev: 75
  mode: 0
67:
  cam_K: [1076.74064739, 0.00000000, 370.98264967, 0.00000000, 1075.17825536, 241.59181836, 0.00000000, 0.00000000, 1.00000000]
  cam_R_w2c: [-0.44002500, -0.89772500, -0.02162650, -0.86618300, 0.43067100, -0.25347400, 0.23686400, -0.09280250, -0.96710000]
  cam_t_w2c: [-7.03700000, 26.64770000, 783.74500000]
  elev: 75
  mode: 0
68:
  cam_K: [1076.74064739, 0.00000000, 370.98264967, 0.00000000, 1075.17825536, 241.59181836, 0.00000000, 0.00000000, 1.00000000]
  cam_R_w2c: [-0.35935000, -0.93295200, -0.02164820, -0.90073300, 0.35282000, -0.25337300, 0.24402300, -0.07155030, -0.96712600]
  cam_t_w2c: [-7.33684000, 26.76320000, 783.73800000]
  elev: 75
  mode: 0
69:
  cam_K: [1076.74064739, 0.00000000, 370.98264967, 0.00000000, 1075.17825536, 240.59181836, 0.00000000, 0.00000000, 1.00000000]
  cam_R_w2c: [-0.27720400, -0.96055800, -0.02204590, -0.92793300, 0.27359900, -0.25314800, 0.24919500, -0.04971650, -0.96717600]
  cam_t_w2c: [-7.68505000, 26.82840000, 783.72300000]
  elev: 75
  mode: 0
70:
  cam_K: [1076.74064739, 0.00000000, 371.98264967, 0.00000000, 1075.17825536, 240.59181836, 0.00000000, 0.00000000, 1.00000000]
  cam_R_w2c: [-0.19167900, -0.98120500, -0.02228860, -0.94844400, 0.19102400, -0.25291100, 0.25241500, -0.02733830, -0.96723300]
  cam_t_w2c: [-8.02437000, 26.89690000, 783.72100000]
  elev: 75
  mode: 0
71:
  cam_K: [1076.74064739, 0.00000000, 371.98264967, 0.00000000, 1075.17825536, 240.59181836, 0.00000000, 0.00000000, 1.00000000]
  cam_R_w2c: [-0.10617200, -0.99408900, -0.02268130, -0.96139600, 0.10845100, -0.25289700, 0.25386200, -0.00504492, -0.96722700]
  cam_t_w2c: [-8.37524000, 26.90480000, 783.70900000]
  elev: 75
  mode: 0
72:
  cam_K: [1076.74064739, 0.00000000, 372.98264967, 0.00000000, 1075.17825536, 254.59181836, 0.00000000, 0.00000000, 1.00000000]
  cam_R_w2c: [0.03876580, -0.99901900, -0.02141610, -0.90836500, -0.02630120, -0.41735100, 0.41637800, 0.03563260, -0.90849300]
  cam_t_w2c: [-8.85242000, 21.29470000, 783.40100000]
  elev: 65
  mode: 0
73:
  cam_K: [1076.74064739, 0.00000000, 373.98264967, 0.00000000, 1075.17825536, 254.59181836, 0.00000000, 0.00000000, 1.00000000]
  cam_R_w2c: [0.12636300, -0.99174600, -0.02171440, -0.90246300, -0.10584500, -0.41756200, 0.41181700, 0.07236100, -0.90838900]
  cam_t_w2c: [-9.20566000, 21.21330000, 783.48800000]
  elev: 65
  mode: 0
74:
  cam_K: [1076.74064739, 0.00000000, 373.98264967, 0.00000000, 1075.17825536, 254.59181836, 0.00000000, 0.00000000, 1.00000000]
  cam_R_w2c: [0.21187200, -0.97704500, -0.02222830, -0.88990200, -0.18347400, -0.41762700, 0.40396200, 0.10826400, -0.90834700]
  cam_t_w2c: [-9.55329000, 21.09780000, 783.54300000]
  elev: 65
  mode: 0
75:
  cam_K: [1076.74064739, 0.00000000, 374.98264967, 0.00000000, 1075.17825536, 254.59181836, 0.00000000, 0.00000000, 1.00000000]
  cam_R_w2c: [0.29561200, -0.95504200, -0.02254250, -0.87067800, -0.25963900, -0.41774100, 0.39310700, 0.14311600, -0.90828700]
  cam_t_w2c: [-9.88559000, 20.95930000, 783.64700000]
  elev: 65
  mode: 0
76:
  cam_K: [1076.74064739, 0.00000000, 374.98264967, 0.00000000, 1075.17825536, 255.59181836, 0.00000000, 0.00000000, 1.00000000]
  cam_R_w2c: [0.37851700, -0.92531400, -0.02278550, -0.84437300, -0.33511300, -0.41801200, 0.37915600, 0.17746400, -0.90815600]
  cam_t_w2c: [-10.21260000, 20.78490000, 783.71800000]
  elev: 65
  mode: 0
77:
  cam_K: [1076.74064739, 0.00000000, 374.98264967, 0.00000000, 1075.17825536, 255.59181836, 0.00000000, 0.00000000, 1.00000000]
  cam_R_w2c: [0.45586600, -0.88974900, -0.02309710, -0.81274200, -0.40555200, -0.41830300, 0.36281700, 0.20946200, -0.90801400]
  cam_t_w2c: [-10.50440000, 20.60410000, 783.78100000]
  elev: 65
  mode: 0
78:
  cam_K: [1076.74064739, 0.00000000, 375.98264967, 0.00000000, 1075.17825536, 255.59181836, 0.00000000, 0.00000000, 1.00000000]
  cam_R_w2c: [0.53250400, -0.84610700, -0.02328240, -0.77376600, -0.47545700, -0.41860200, 0.34311300, 0.24092300, -0.90787100]
  cam_t_w2c: [-10.77310000, 20.37460000, 783.83900000]
  elev: 65
  mode: 0
79:
  cam_K: [1076.74064739, 0.00000000, 375.98264967, 0.00000000, 1075.17825536, 256.59181836, 0.00000000, 0.00000000, 1.00000000]
  cam_R_w2c: [0.60372400, -0.79684600, -0.02352560, -0.72969400, -0.54048000, -0.41884200, 0.32103700, 0.27003100, -0.90775500]
  cam_t_w2c: [-11.03510000, 20.17630000, 783.84300000]
  elev: 65
  mode: 0
80:
  cam_K: [1076.74064739, 0.00000000, 376.98264967, 0.00000000, 1075.17825536, 256.59181836, 0.00000000, 0.00000000, 1.00000000]
  cam_R_w2c: [0.67152700, -0.74060500, -0.02357210, -0.67915800, -0.60246600, -0.41926000, 0.29630500, 0.29755400, -0.90756000]
  cam_t_w2c: [-11.24970000, 19.90410000, 783.93400000]
  elev: 65
  mode: 0
81:
  cam_K: [1076.74064739, 0.00000000, 376.98264967, 0.00000000, 1075.17825536, 256.59181836, 0.00000000, 0.00000000, 1.00000000]
  cam_R_w2c: [0.73312900, -0.67967900, -0.02361380, -0.62434100, -0.65886100, -0.41964400, 0.26966500, 0.32239600, -0.90738200]
  cam_t_w2c: [-11.44510000, 19.64500000, 783.98500000]
  elev: 65
  mode: 0
82:
  cam_K: [1076.74064739, 0.00000000, 376.98264967, 0.00000000, 1075.17825536, 257.59181836, 0.00000000, 0.00000000, 1.00000000]
  cam_R_w2c: [0.79019100, -0.61240300, -0.02367560, -0.56373800, -0.71115700, -0.42006600, 0.24041300, 0.34527900, -0.90718500]
  cam_t_w2c: [-11.63140000, 19.38040000, 783.99800000]
  elev: 65
  mode: 0
83:
  cam_K: [1076.74064739, 0.00000000, 376.98264967, 0.00000000, 1075.17825536, 257.59181836, 0.00000000, 0.00000000, 1.00000000]
  cam_R_w2c: [0.84025900, -0.54166800, -0.02365420, -0.49991300, -0.75712300, -0.42053800, 0.20988300, 0.36518600, -0.90696700]
  cam_t_w2c: [-11.78070000, 19.07150000, 784.06600000]
  elev: 65
  mode: 0
84:
  cam_K: [1076.74064739, 0.00000000, 377.98264967, 0.00000000, 1075.17825536, 258.59181836, 0.00000000, 0.00000000, 1.00000000]
  cam_R_w2c: [0.88400400, -0.46689000, -0.02349250, -0.43235200, -0.79743100, -0.42092300, 0.17779100, 0.38225400, -0.90679200]
  cam_t_w2c: [-11.88320000, 18.77890000, 784.14400000]
  elev: 65
  mode: 0
85:
  cam_K: [1076.74064739, 0.00000000, 377.98264967, 0.00000000, 1075.17825536, 258.59181836, 0.00000000, 0.00000000, 1.00000000]
  cam_R_w2c: [0.92173200, -0.38712100, -0.02340470, -0.36025100, -0.83228100, -0.42134000, 0.14363000, 0.39679400, -0.90660100]
  cam_t_w2c: [-11.97480000, 18.45760000, 784.24500000]
  elev: 65
  mode: 0
86:
  cam_K: [1076.74064739, 0.00000000, 377.98264967, 0.00000000, 1075.17825536, 258.59181836, 0.00000000, 0.00000000, 1.00000000]
  cam_R_w2c: [0.95182500, -0.30576200, -0.02321620, -0.28662900, -0.86024900, -0.42168200, 0.10896300, 0.40802200, -0.90644700]
  cam_t_w2c: [-12.02130000, 18.14810000, 784.32900000]
  elev: 65
  mode: 0
87:
  cam_K: [1076.74064739, 0.00000000, 377.98264967, 0.00000000, 1075.17825536, 259.59181836, 0.00000000, 0.00000000, 1.00000000]
  cam_R_w2c: [0.97476200, -0.22205800, -0.02300340, -0.21082400, -0.88172900, -0.42202800, 0.07343210, 0.41622700, -0.90629100]
  cam_t_w2c: [-12.04070000, 17.83250000, 784.45900000]
  elev: 65
  mode: 0
88:
  cam_K: [1076.74064739, 0.00000000, 377.98264967, 0.00000000, 1075.17825536, 259.59181836, 0.00000000, 0.00000000, 1.00000000]
  cam_R_w2c: [0.99034300, -0.13675700, -0.02276230, -0.13351300, -0.89655900, -0.42232200, 0.03734770, 0.42128300, -0.90616000]
  cam_t_w2c: [-12.02420000, 17.51520000, 784.55900000]
  elev: 65
  mode: 0
89:
  cam_K: [1076.74064739, 0.00000000, 377.98264967, 0.00000000, 1075.17825536, 260.59181836, 0.00000000, 0.00000000, 1.00000000]
  cam_R_w2c: [0.99847700, -0.05036440, -0.02251820, -0.05516170, -0.90465400, -0.42256100, 0.00091091, 0.42316000, -0.90605500]
  cam_t_w2c: [-11.98480000, 17.18180000, 784.69000000]
  elev: 65
  mode: 0
90:
  cam_K: [1076.74064739, 0.00000000, 377.98264967, 0.00000000, 1075.17825536, 260.59181836, 0.00000000, 0.00000000, 1.00000000]
  cam_R_w2c: [0.99909000, 0.03641190, -0.02219270, 0.02363080, -0.90598900, -0.42264100, -0.03549550, 0.42173200, -0.90602500]
  cam_t_w2c: [-11.90900000, 16.89980000, 784.85300000]
  elev: 65
  mode: 0
91:
  cam_K: [1076.74064739, 0.00000000, 377.98264967, 0.00000000, 1075.17825536, 261.59181836, 0.00000000, 0.00000000, 1.00000000]
  cam_R_w2c: [0.99181000, 0.12586000, -0.02172850, 0.10496600, -0.90014700, -0.42275000, -0.07276610, 0.41700700, -0.90598600]
  cam_t_w2c: [-11.78870000, 16.57580000, 785.04400000]
  elev: 65
  mode: 0
92:
  cam_K: [1076.74064739, 0.00000000, 376.98264967, 0.00000000, 1075.17825536, 261.59181836, 0.00000000, 0.00000000, 1.00000000]
  cam_R_w2c: [0.97749500, 0.20986600, -0.02145810, 0.18135000, -0.88790300, -0.42277800, -0.10777900, 0.40937200, -0.90597900]
  cam_t_w2c: [-11.66090000, 16.28730000, 785.22300000]
  elev: 65
  mode: 0
93:
  cam_K: [1076.74064739, 0.00000000, 376.98264967, 0.00000000, 1075.17825536, 262.59181836, 0.00000000, 0.00000000, 1.00000000]
  cam_R_w2c: [0.95518100, 0.29525900, -0.02122950, 0.25904500, -0.86842300, -0.42277400, -0.14326400, 0.39832700, -0.90598600]
  cam_t_w2c: [-11.52020000, 16.00820000, 785.37000000]
  elev: 65
  mode: 0
94:
  cam_K: [1076.74064739, 0.00000000, 376.98264967, 0.00000000, 1075.17825536, 262.59181836, 0.00000000, 0.00000000, 1.00000000]
  cam_R_w2c: [0.92591800, 0.37715200, -0.02079840, 0.33369200, -0.84253800, -0.42282300, -0.17699200, 0.38455900, -0.90597400]
  cam_t_w2c: [-11.31780000, 15.75010000, 785.49400000]
  elev: 65
  mode: 0
95:
  cam_K: [1076.74064739, 0.00000000, 376.98264967, 0.00000000, 1075.17825536, 262.59181836, 0.00000000, 0.00000000, 1.00000000]
  cam_R_w2c: [0.88958700, 0.45630700, -0.02047740, 0.40591900, -0.81032000, -0.42262500, -0.20944000, 0.36764900, -0.90607300]
  cam_t_w2c: [-11.11830000, 15.50650000, 785.69100000]
  elev: 65
  mode: 0
96:
  cam_K: [1076.74064739, 0.00000000, 375.98264967, 0.00000000, 1075.17825536, 263.59181836, 0.00000000, 0.00000000, 1.00000000]
  cam_R_w2c: [0.84585200, 0.53304000, -0.02007690, 0.47604100, -0.77131600, -0.42244200, -0.24066400, 0.34776600, -0.90616800]
  cam_t_w2c: [-10.88390000, 15.28620000, 785.81500000]
  elev: 65
  mode: 0
97:
  cam_K: [1076.74064739, 0.00000000, 375.98264967, 0.00000000, 1075.17825536, 263.59181836, 0.00000000, 0.00000000, 1.00000000]
  cam_R_w2c: [0.79626600, 0.60462100, -0.01983950, 0.54147800, -0.72696600, -0.42228200, -0.26974300, 0.32550700, -0.90624700]
  cam_t_w2c: [-10.63440000, 15.09770000, 785.94500000]
  elev: 65
  mode: 0
98:
  cam_K: [1076.74064739, 0.00000000, 375.98264967, 0.00000000, 1075.17825536, 263.59181836, 0.00000000, 0.00000000, 1.00000000]
  cam_R_w2c: [0.73971900, 0.67263100, -0.01957770, 0.60377300, -0.67627600, -0.42203000, -0.29711000, 0.30036300, -0.90637100]
  cam_t_w2c: [-10.36360000, 14.89700000, 786.07000000]
  elev: 65
  mode: 0
99:
  cam_K: [1076.74064739, 0.00000000, 374.98264967, 0.00000000, 1075.17825536, 263.59181836, 0.00000000, 0.00000000, 1.00000000]
  cam_R_w2c: [0.67849200, 0.73435500, -0.01927550, 0.66038700, -0.62122400, -0.42186500, -0.32177300, 0.27350300, -0.90645400]
  cam_t_w2c: [-10.07200000, 14.74060000, 786.17700000]
  elev: 65
  mode: 0
100:
  cam_K: [1076.74064739, 0.00000000, 374.98264967, 0.00000000, 1075.17825536, 264.59181836, 0.00000000, 0.00000000, 1.00000000]
  cam_R_w2c: [0.61321200, 0.78968800, -0.01907270, 0.71125800, -0.56249000, -0.42156500, -0.34363300, 0.24494300, -0.90659800]
  cam_t_w2c: [-9.77376000, 14.60740000, 786.25500000]
  elev: 65
  mode: 0
101:
  cam_K: [1076.74064739, 0.00000000, 373.98264967, 0.00000000, 1075.17825536, 264.59181836, 0.00000000, 0.00000000, 1.00000000]
  cam_R_w2c: [0.53987100, 0.84153500, -0.01894990, 0.75900300, -0.49641100, -0.42129600, -0.36394200, 0.21306200, -0.90672500]
  cam_t_w2c: [-9.46345000, 14.50570000, 786.33300000]
  elev: 65
  mode: 0
102:
  cam_K: [1076.74064739, 0.00000000, 373.98264967, 0.00000000, 1075.17825536, 264.59181836, 0.00000000, 0.00000000, 1.00000000]
  cam_R_w2c: [0.46601100, 0.88457900, -0.01881020, 0.79877800, -0.42976200, -0.42102100, -0.38051100, 0.18117500, -0.90685600]
  cam_t_w2c: [-9.15394000, 14.43540000, 786.42000000]
  elev: 65
  mode: 0
103:
  cam_K: [1076.74064739, 0.00000000, 372.98264967, 0.00000000, 1075.17825536, 264.59181836, 0.00000000, 0.00000000, 1.00000000]
  cam_R_w2c: [0.38744500, 0.92170200, -0.01873580, 0.83320700, -0.35879800, -0.42074900, -0.39452800, 0.14740600, -0.90698400]
  cam_t_w2c: [-8.83057000, 14.40190000, 786.43900000]
  elev: 65
  mode: 0
104:
  cam_K: [1076.74064739, 0.00000000, 372.98264967, 0.00000000, 1075.17825536, 264.59181836, 0.00000000, 0.00000000, 1.00000000]
  cam_R_w2c: [0.30456800, 0.95230500, -0.01879010, 0.86179900, -0.28391600, -0.42035100, -0.40563800, 0.11183200, -0.90716700]
  cam_t_w2c: [-8.50941000, 14.36750000, 786.53300000]
  elev: 65
  mode: 0
105:
  cam_K: [1076.74064739, 0.00000000, 371.98264967, 0.00000000, 1075.17825536, 264.59181836, 0.00000000, 0.00000000, 1.00000000]
  cam_R_w2c: [0.22063800, 0.97517200, -0.01892390, 0.88334500, -0.20801300, -0.42003900, -0.41354700, 0.07596020, -0.90730900]
  cam_t_w2c: [-8.20469000, 14.34690000, 786.57200000]
  elev: 65
  mode: 0
106:
  cam_K: [1076.74064739, 0.00000000, 371.98264967, 0.00000000, 1075.17825536, 264.59181836, 0.00000000, 0.00000000, 1.00000000]
  cam_R_w2c: [0.13528100, 0.99062300, -0.01910160, 0.89818600, -0.13075100, -0.41972000, -0.41828200, 0.03962360, -0.90745200]
  cam_t_w2c: [-7.89816000, 14.38790000, 786.57800000]
  elev: 65
  mode: 0
107:
  cam_K: [1076.74064739, 0.00000000, 371.98264967, 0.00000000, 1075.17825536, 264.59181836, 0.00000000, 0.00000000, 1.00000000]
  cam_R_w2c: [0.04745170, 0.99868900, -0.01919260, 0.90638900, -0.05112490, -0.41933900, -0.41977000, 0.00250236, -0.90762700]
  cam_t_w2c: [-7.59332000, 14.44640000, 786.57100000]
  elev: 65
  mode: 0
108:
  cam_K: [1076.74064739, 0.00000000, 370.98264967, 0.00000000, 1075.17825536, 264.59181836, 0.00000000, 0.00000000, 1.00000000]
  cam_R_w2c: [-0.03940770, 0.99903200, -0.01956090, 0.90748600, 0.02758920, -0.41917600, -0.41823000, -0.03427000, -0.90769400]
  cam_t_w2c: [-7.29149000, 14.49790000, 786.56800000]
  elev: 65
  mode: 0
109:
  cam_K: [1076.74064739, 0.00000000, 370.98264967, 0.00000000, 1075.17825536, 264.59181836, 0.00000000, 0.00000000, 1.00000000]
  cam_R_w2c: [-0.12717800, 0.99168400, -0.01969270, 0.90161800, 0.10730700, -0.41901100, -0.41341400, -0.07104440, -0.90776800]
  cam_t_w2c: [-7.02743000, 14.54230000, 786.70000000]
  elev: 65
  mode: 0
110:
  cam_K: [1076.74064739, 0.00000000, 369.98264967, 0.00000000, 1075.17825536, 264.59181836, 0.00000000, 0.00000000, 1.00000000]
  cam_R_w2c: [-0.21268100, 0.97691400, -0.02014670, 0.88908300, 0.18492500, -0.41872800, -0.40533600, -0.10696800, -0.90788800]
  cam_t_w2c: [-6.74375000, 14.63000000, 786.66900000]
  elev: 65
  mode: 0
111:
  cam_K: [1076.74064739, 0.00000000, 369.98264967, 0.00000000, 1075.17825536, 263.59181836, 0.00000000, 0.00000000, 1.00000000]
  cam_R_w2c: [-0.29656800, 0.95479600, -0.02029700, 0.86976300, 0.26125700, -0.41863700, -0.39441000, -0.14180800, -0.90792700]
  cam_t_w2c: [-6.46186000, 14.73920000, 786.70900000]
  elev: 65
  mode: 0
112:
  cam_K: [1076.74064739, 0.00000000, 369.98264967, 0.00000000, 1075.17825536, 263.59181836, 0.00000000, 0.00000000, 1.00000000]
  cam_R_w2c: [-0.37968800, 0.92488400, -0.02066060, 0.84337500, 0.33687600, -0.41860900, -0.38020400, -0.17636500, -0.90793200]
  cam_t_w2c: [-6.20160000, 14.86540000, 786.62300000]
  elev: 65
  mode: 0
113:
  cam_K: [1076.74064739, 0.00000000, 368.98264967, 0.00000000, 1075.17825536, 263.59181836, 0.00000000, 0.00000000, 1.00000000]
  cam_R_w2c: [-0.45845700, 0.88846900, -0.02096070, 0.81098600, 0.40859700, -0.41874800, -0.36348100, -0.20897700, -0.90786000]
  cam_t_w2c: [-5.96467000, 15.01350000, 786.58800000]
  elev: 65
  mode: 0
114:
  cam_K: [1076.74064739, 0.00000000, 368.98264967, 0.00000000, 1075.17825536, 263.59181836, 0.00000000, 0.00000000, 1.00000000]
  cam_R_w2c: [-0.53239500, 0.84623300, -0.02109050, 0.77328700, 0.47606500, -0.41879600, -0.34435800, -0.23927400, -0.90783600]
  cam_t_w2c: [-5.72093000, 15.18320000, 786.42800000]
  elev: 65
  mode: 0
115:
  cam_K: [1076.74064739, 0.00000000, 368.98264967, 0.00000000, 1075.17825536, 263.59181836, 0.00000000, 0.00000000, 1.00000000]
  cam_R_w2c: [-0.60489900, 0.79601800, -0.02128060, 0.72829800, 0.54223700, -0.41899900, -0.32199200, -0.26895100, -0.90773700]
  cam_t_w2c: [-5.49721000, 15.37030000, 786.32100000]
  elev: 65
  mode: 0
116:
  cam_K: [1076.74064739, 0.00000000, 367.98264967, 0.00000000, 1075.17825536, 262.59181836, 0.00000000, 0.00000000, 1.00000000]
  cam_R_w2c: [-0.67157600, 0.74062600, -0.02141280, 0.67856900, 0.60318500, -0.41918100, -0.29754100, -0.29604200, -0.90765000]
  cam_t_w2c: [-5.28130000, 15.54990000, 786.18100000]
  elev: 65
  mode: 0
117:
  cam_K: [1076.74064739, 0.00000000, 367.98264967, 0.00000000, 1075.17825536, 262.59181836, 0.00000000, 0.00000000, 1.00000000]
  cam_R_w2c: [-0.73422200, 0.67856700, -0.02155870, 0.62275600, 0.66050900, -0.41940700, -0.27035600, -0.32136400, -0.90754200]
  cam_t_w2c: [-5.08734000, 15.79840000, 785.99200000]
  elev: 65
  mode: 0
118:
  cam_K: [1076.74064739, 0.00000000, 367.98264967, 0.00000000, 1075.17825536, 262.59181836, 0.00000000, 0.00000000, 1.00000000]
  cam_R_w2c: [-0.79019700, 0.61247000, -0.02165130, 0.56320600, 0.71180100, -0.41968900, -0.24163500, -0.34383100, -0.90741000]
  cam_t_w2c: [-4.92452000, 16.01920000, 785.76900000]
  elev: 65
  mode: 0
119:
