%YAML 1.0
---
tpl_0:
  cam_R_m2c: [0.93324072, 0.35721111, -0.03823467, 0.35472029, -0.93308656, -0.05935721, -0.05687934, 0.04183196, -0.99750454]
  cam_t_m2c: [-8.13288375, 28.79744186, 628.02845887]
  obj_bb: [159, 160, 78, 78]
  obj_id: 2
tpl_1:
  cam_R_m2c: [0.90081242, 0.43250689, -0.03840709, 0.42994500, -0.90083589, -0.06035311, -0.06070163, 0.03785393, -0.99743750]
  cam_t_m2c: [-8.12166537, 28.80377921, 628.21820600]
  obj_bb: [159, 160, 78, 78]
  obj_id: 2
tpl_2:
  cam_R_m2c: [0.85927580, 0.50999751, -0.03933436, 0.50739407, -0.85957243, -0.06072339, -0.06477952, 0.03222020, -0.99737978]
  cam_t_m2c: [-8.22775949, 28.78480740, 628.13266968]
  obj_bb: [159, 160, 77, 78]
  obj_id: 2
tpl_3:
  cam_R_m2c: [0.81290141, 0.58101146, -0.04021166, 0.57836937, -0.81345736, -0.06145119, -0.06841439, 0.02669654, -0.99730016]
  cam_t_m2c: [-8.35441034, 28.74301195, 628.19014106]
  obj_bb: [159, 160, 77, 78]
  obj_id: 2
tpl_4:
  cam_R_m2c: [0.75856188, 0.65032000, -0.04084774, 0.64765578, -0.75937430, -0.06239200, -0.07159343, 0.02087291, -0.99721574]
  cam_t_m2c: [-8.42817691, 28.68188387, 628.16688793]
  obj_bb: [158, 160, 78, 77]
  obj_id: 2
tpl_5:
  cam_R_m2c: [0.69939000, 0.71356175, -0.04101763, 0.71092738, -0.70043225, -0.06306523, -0.07373111, 0.01494665, -0.99716657]
  cam_t_m2c: [-8.45988032, 28.63597818, 628.17612012]
  obj_bb: [158, 160, 78, 77]
  obj_id: 2
tpl_6:
  cam_R_m2c: [0.63261552, 0.77333920, -0.04175620, 0.77072953, -0.63393751, -0.06402544, -0.07598418, 0.00832076, -0.99707419]
  cam_t_m2c: [-8.56349402, 28.53444152, 628.11327347]
  obj_bb: [159, 160, 78, 77]
  obj_id: 2
tpl_7:
  cam_R_m2c: [0.56451583, 0.82435156, -0.04202421, 0.82179180, -0.56607392, -0.06495271, -0.07733267, 0.00213169, -0.99700275]
  cam_t_m2c: [-8.61403560, 28.46229699, 628.04154715]
  obj_bb: [159, 160, 78, 78]
  obj_id: 2
tpl_8:
  cam_R_m2c: [0.49221338, 0.86945655, -0.04210299, 0.86694029, -0.49399551, -0.06620637, -0.07836218, -0.00391307, -0.99691704]
  cam_t_m2c: [-8.64040348, 28.36511751, 628.02653228]
  obj_bb: [159, 160, 78, 78]
  obj_id: 2
tpl_9:
  cam_R_m2c: [0.41212160, 0.91015892, -0.04202836, 0.90769991, -0.41413131, -0.06764700, -0.07897487, -0.01027034, -0.99682414]
  cam_t_m2c: [-8.64935724, 28.27117845, 628.03283737]
  obj_bb: [159, 160, 78, 78]
  obj_id: 2
tpl_10:
  cam_R_m2c: [0.33300210, 0.94199042, -0.04199624, 0.93961132, -0.33523334, -0.06891269, -0.07899361, -0.01651209, -0.99673833]
  cam_t_m2c: [-8.68406684, 28.16890606, 627.99534171]
  obj_bb: [159, 160, 77, 77]
  obj_id: 2
tpl_11:
  cam_R_m2c: [0.24847498, 0.96773778, -0.04174965, 0.96544701, -0.25092209, -0.07035377, -0.07855987, -0.02282597, -0.99664848]
  cam_t_m2c: [-8.69666014, 28.07730705, 627.99521160]
  obj_bb: [159, 160, 77, 77]
  obj_id: 2
tpl_12:
  cam_R_m2c: [0.16342755, 0.98568892, -0.04133248, 0.98348211, -0.16607997, -0.07197792, -0.07781230, -0.02888659, -0.99654964]
  cam_t_m2c: [-8.69579106, 27.96642343, 627.98068021]
  obj_bb: [159, 159, 77, 78]
  obj_id: 2
tpl_13:
  cam_R_m2c: [0.07570839, 0.99629232, -0.04086647, 0.99420379, -0.07856047, -0.07340266, -0.07634099, -0.03507240, -0.99646480]
  cam_t_m2c: [-8.69647443, 27.87794557, 627.98609092]
  obj_bb: [159, 160, 77, 78]
  obj_id: 2
tpl_14:
  cam_R_m2c: [-0.01118941, 0.99912125, -0.04040372, 0.99716051, 0.00814030, -0.07486010, -0.07446542, -0.04112662, -0.99637507]
  cam_t_m2c: [-8.70488923, 27.79380376, 627.97996665]
  obj_bb: [159, 160, 77, 77]
  obj_id: 2
tpl_15:
  cam_R_m2c: [-0.09811695, 0.99436787, -0.04008296, 0.99257267, 0.09487110, -0.07614359, -0.07191205, -0.04725628, -0.99629065]
  cam_t_m2c: [-8.75305663, 27.69789557, 628.00105201]
  obj_bb: [159, 160, 77, 77]
  obj_id: 2
tpl_16:
  cam_R_m2c: [-0.18695813, 0.98159170, -0.03903855, 0.97996501, 0.18357500, -0.07725943, -0.06867074, -0.05270067, -0.99624683]
  cam_t_m2c: [-8.69141532, 27.61891767, 628.04163903]
  obj_bb: [159, 160, 78, 77]
  obj_id: 2
tpl_17:
  cam_R_m2c: [-0.26879446, 0.96242497, -0.03857325, 0.96100635, 0.26526796, -0.07809788, -0.06493115, -0.05806140, -0.99619913]
  cam_t_m2c: [-8.72628672, 27.50306161, 628.01269286]
  obj_bb: [159, 159, 77, 78]
  obj_id: 2
tpl_18:
  cam_R_m2c: [-0.35401319, 0.93449071, -0.03743511, 0.93328441, 0.35040218, -0.07873385, -0.06045871, -0.06281047, -0.99619241]
  cam_t_m2c: [-8.64746341, 27.41590960, 627.98922644]
  obj_bb: [159, 159, 78, 78]
  obj_id: 2
tpl_19:
  cam_R_m2c: [-0.43230278, 0.90097443, -0.03687901, 0.89999811, 0.42857931, -0.07952092, -0.05584067, -0.06756803, -0.99615049]
  cam_t_m2c: [-8.68840145, 27.32274501, 628.01494038]
  obj_bb: [159, 160, 78, 77]
  obj_id: 2
tpl_20:
  cam_R_m2c: [-0.51016327, 0.85932529, -0.03595385, 0.85858949, 0.50637868, -0.08003409, -0.05056907, -0.07170016, -0.99614322]
  cam_t_m2c: [-8.63889896, 27.23556780, 627.96228972]
  obj_bb: [159, 160, 78, 77]
  obj_id: 2
tpl_21:
  cam_R_m2c: [-0.58276619, 0.81188510, -0.03502262, 0.81140298, 0.57896183, -0.08017799, -0.04481851, -0.07514254, -0.99616531]
  cam_t_m2c: [-8.61115173, 27.15632967, 627.93936587]
  obj_bb: [159, 160, 78, 77]
  obj_id: 2
tpl_22:
  cam_R_m2c: [-0.65084978, 0.75844560, -0.03399210, 0.75819152, 0.64701290, -0.08074695, -0.03924886, -0.07832665, -0.99615440]
  cam_t_m2c: [-8.54858213, 27.07099469, 627.93548977]
  obj_bb: [159, 159, 78, 78]
  obj_id: 2
tpl_23:
  cam_R_m2c: [-0.71519238, 0.69815802, -0.03278563, 0.69815656, 0.71141454, -0.08041947, -0.03282137, -0.08040488, -0.99622225]
  cam_t_m2c: [-8.47879722, 26.98016692, 627.87424336]
  obj_bb: [160, 159, 77, 78]
  obj_id: 2
tpl_24:
  cam_R_m2c: [-0.77427588, 0.63205156, -0.03173650, 0.63227883, 0.77047908, -0.08115439, -0.02684152, -0.08290215, -0.99619622]
  cam_t_m2c: [-8.40410771, 26.90360312, 627.90343518]
  obj_bb: [159, 159, 77, 78]
  obj_id: 2
tpl_25:
  cam_R_m2c: [-0.82549963, 0.56357657, -0.03054569, 0.56402494, 0.82175524, -0.08120671, -0.02066510, -0.08426454, -0.99622918]
  cam_t_m2c: [-8.30566535, 26.81340615, 627.86148392]
  obj_bb: [159, 159, 78, 78]
  obj_id: 2
tpl_26:
  cam_R_m2c: [-0.87211881, 0.48842031, -0.02921994, 0.48908530, 0.86845029, -0.08117124, -0.01426960, -0.08508206, -0.99627211]
  cam_t_m2c: [-8.18500379, 26.74495260, 627.85263116]
  obj_bb: [159, 160, 78, 77]
  obj_id: 2
tpl_27:
  cam_R_m2c: [-0.91129793, 0.41080814, -0.02780096, 0.41166436, 0.90768495, -0.08148879, -0.00824173, -0.08570525, -0.99628610]
  cam_t_m2c: [-8.03359718, 26.68292395, 627.86455356]
  obj_bb: [160, 160, 77, 77]
  obj_id: 2
tpl_28:
  cam_R_m2c: [-0.94362189, 0.32996619, -0.02646303, 0.33101841, 0.94008836, -0.08160941, -0.00205074, -0.08576823, -0.99631291]
  cam_t_m2c: [-7.89640965, 26.63460781, 627.88045977]
  obj_bb: [160, 160, 77, 77]
  obj_id: 2
tpl_29:
  cam_R_m2c: [-0.96909682, 0.24539259, -0.02516842, 0.24664143, 0.96567070, -0.08153776, 0.00429560, -0.08522560, -0.99635202]
  cam_t_m2c: [-7.77667405, 26.60775554, 627.90738351]
  obj_bb: [159, 160, 78, 77]
  obj_id: 2
tpl_30:
  cam_R_m2c: [-0.98651911, 0.16189688, -0.02387985, 0.16333125, 0.98314889, -0.08210127, 0.01018551, -0.08489475, -0.99633772]
  cam_t_m2c: [-7.64214427, 26.58078097, 627.95158513]
  obj_bb: [159, 160, 78, 77]
  obj_id: 2
tpl_31:
  cam_R_m2c: [-0.99710127, 0.07264322, -0.02262327, 0.07426378, 0.99388083, -0.08176433, 0.01654522, -0.08320745, -0.99639480]
  cam_t_m2c: [-7.50457373, 26.56322237, 627.96153645]
  obj_bb: [160, 160, 77, 77]
  obj_id: 2
tpl_32:
  cam_R_m2c: [-0.99968799, -0.01246951, -0.02163293, -0.01064670, 0.99654270, -0.08240394, 0.02258563, -0.08214793, -0.99636427]
  cam_t_m2c: [-7.40729668, 26.57651254, 628.10170347]
  obj_bb: [160, 160, 77, 77]
  obj_id: 2
tpl_33:
  cam_R_m2c: [-0.99487943, -0.09896357, -0.02053360, -0.09697751, 0.99191116, -0.08190406, 0.02847294, -0.07949329, -0.99642914]
  cam_t_m2c: [-7.30645814, 26.58602729, 628.11361356]
  obj_bb: [160, 160, 78, 77]
  obj_id: 2
tpl_34:
  cam_R_m2c: [-0.98199273, -0.18795211, -0.01909562, -0.18583874, 0.97921220, -0.08128480, 0.03397631, -0.07627237, -0.99650748]
  cam_t_m2c: [-7.14307428, 26.64053847, 628.19215643]
  obj_bb: [159, 160, 78, 77]
  obj_id: 2
tpl_35:
  cam_R_m2c: [-0.96247149, -0.27077199, -0.01821770, -0.26851424, 0.95988163, -0.08079778, 0.03936459, -0.07287376, -0.99656425]
  cam_t_m2c: [-7.06454649, 26.67154899, 628.23239041]
  obj_bb: [160, 160, 77, 77]
  obj_id: 2
tpl_36:
  cam_R_m2c: [-0.93545656, -0.35302259, -0.01718956, -0.35067352, 0.93310820, -0.07960807, 0.04414308, -0.06844193, -0.99667776]
  cam_t_m2c: [-6.96734706, 26.72678921, 628.18500878]
  obj_bb: [160, 160, 77, 77]
  obj_id: 2
tpl_37:
  cam_R_m2c: [-0.90069284, -0.43415581, -0.01618843, -0.43168423, 0.89852515, -0.07938342, 0.04901050, -0.06451173, -0.99671274]
  cam_t_m2c: [-6.84313208, 26.77253419, 628.31487290]
  obj_bb: [160, 160, 78, 77]
  obj_id: 2
tpl_38:
  cam_R_m2c: [-0.85975188, -0.51047687, -0.01551156, -0.50794566, 0.85785730, -0.07792736, 0.05308684, -0.05911907, -0.99683852]
  cam_t_m2c: [-6.77679556, 26.84343634, 628.23316694]
  obj_bb: [160, 160, 78, 78]
  obj_id: 2
tpl_39:
  cam_R_m2c: [-0.81146617, -0.58420341, -0.01511042, -0.58159485, 0.80983360, -0.07692334, 0.05717580, -0.05363258, -0.99692252]
  cam_t_m2c: [-6.74963658, 26.90643758, 628.26181715]
  obj_bb: [160, 159, 78, 78]
  obj_id: 2
tpl_40:
  cam_R_m2c: [-0.75878119, -0.65118501, -0.01443264, -0.64854715, 0.75738750, -0.07583630, 0.06031460, -0.04818294, -0.99701616]
  cam_t_m2c: [-6.67182356, 26.98586832, 628.26256974]
  obj_bb: [160, 159, 78, 78]
  obj_id: 2
tpl_41:
  cam_R_m2c: [-0.69844957, -0.71552529, -0.01383272, -0.71288976, 0.69731581, -0.07442404, 0.06289815, -0.04212022, -0.99713077]
  cam_t_m2c: [-6.60706982, 27.06505996, 628.23364085]
  obj_bb: [160, 160, 77, 77]
  obj_id: 2
tpl_42:
  cam_R_m2c: [-0.63267491, -0.77429922, -0.01352652, -0.77167528, 0.63180712, -0.07305177, 0.06511008, -0.03577991, -0.99723643]
  cam_t_m2c: [-6.56028003, 27.12364371, 628.14390450]
  obj_bb: [160, 160, 77, 77]
  obj_id: 2
tpl_43:
  cam_R_m2c: [-0.56457805, -0.82526769, -0.01360517, -0.82267386, 0.56398426, -0.07161945, 0.06677832, -0.02924213, -0.99733910]
  cam_t_m2c: [-6.57053073, 27.19697243, 628.08202986]
  obj_bb: [160, 160, 77, 78]
  obj_id: 2
tpl_44:
  cam_R_m2c: [-0.48954859, -0.87187591, -0.01321171, -0.86935023, 0.48919273, -0.07015096, 0.06762598, -0.02285672, -0.99744880]
  cam_t_m2c: [-6.49424400, 27.27953793, 628.05535892]
  obj_bb: [160, 160, 77, 78]
  obj_id: 2
tpl_45:
  cam_R_m2c: [-0.41212803, -0.91103523, -0.01286907, -0.90857998, 0.41199120, -0.06888865, 0.06806188, -0.01669841, -0.99754119]
  cam_t_m2c: [-6.40073629, 27.37730318, 628.03486150]
  obj_bb: [160, 160, 78, 78]
  obj_id: 2
tpl_46:
  cam_R_m2c: [-0.33160560, -0.94333052, -0.01287391, -0.94096661, 0.33169669, -0.06751917, 0.06796308, -0.01027581, -0.99763446]
  cam_t_m2c: [-6.37742670, 27.46721178, 628.00814467]
  obj_bb: [160, 160, 78, 77]
  obj_id: 2
tpl_47:
  cam_R_m2c: [-0.24728018, -0.96885770, -0.01292199, -0.96658934, 0.24758682, -0.06637828, 0.06751048, -0.00392377, -0.99771066]
  cam_t_m2c: [-6.33330459, 27.57229585, 627.95870776]
  obj_bb: [160, 160, 78, 77]
  obj_id: 2
tpl_48:
  cam_R_m2c: [-0.16231069, -0.98665364, -0.01301073, -0.98450135, 0.16281595, -0.06518150, 0.06642991, 0.00222942, -0.99778854]
  cam_t_m2c: [-6.29041699, 27.67868443, 627.94673542]
  obj_bb: [160, 160, 78, 78]
  obj_id: 2
tpl_49:
  cam_R_m2c: [-0.07345620, -0.99720225, -0.01383301, -0.99519564, 0.07419458, -0.06388579, 0.06473341, 0.00907376, -0.99786096]
  cam_t_m2c: [-6.36146645, 27.82150481, 627.96190711]
  obj_bb: [160, 160, 78, 78]
  obj_id: 2
tpl_50:
  cam_R_m2c: [0.01185349, -0.99983063, -0.01410258, -0.99796619, -0.01094567, -0.06280816, 0.06264309, 0.01481841, -0.99792559]
  cam_t_m2c: [-6.32798341, 27.92902359, 627.91452528]
  obj_bb: [160, 161, 78, 77]
  obj_id: 2
tpl_51:
  cam_R_m2c: [0.09818290, -0.99505402, -0.01510446, -0.99337672, -0.09708405, -0.06146335, 0.05969292, 0.02103902, -0.99799464]
  cam_t_m2c: [-6.41254521, 28.06264124, 627.93572267]
  obj_bb: [160, 160, 77, 77]
  obj_id: 2
tpl_52:
  cam_R_m2c: [0.18528870, -0.98255848, -0.01569831, -0.98108651, -0.18405389, -0.05994162, 0.05600677, 0.02650787, -0.99807800]
  cam_t_m2c: [-6.42394799, 28.20303969, 627.92364620]
  obj_bb: [160, 160, 77, 78]
  obj_id: 2
tpl_53:
  cam_R_m2c: [0.26968558, -0.96280586, -0.01655701, -0.96151022, -0.26830385, -0.05924703, 0.05260112, 0.03189783, -0.99810613]
  cam_t_m2c: [-6.47941816, 28.30610036, 627.95141987]
  obj_bb: [160, 160, 77, 78]
  obj_id: 2
tpl_54:
  cam_R_m2c: [0.35311108, -0.93540747, -0.01805081, -0.93436527, -0.35160301, -0.05776164, 0.04768391, 0.03726233, -0.99816755]
  cam_t_m2c: [-6.62217868, 28.38657512, 627.80322345]
  obj_bb: [159, 161, 78, 77]
  obj_id: 2
tpl_55:
  cam_R_m2c: [0.43277887, -0.90130180, -0.01892637, -0.90046025, -0.43117628, -0.05707440, 0.04328068, 0.04174302, -0.99819045]
  cam_t_m2c: [-6.66820915, 28.51150251, 627.90409264]
  obj_bb: [159, 161, 78, 77]
  obj_id: 2
tpl_56:
  cam_R_m2c: [0.50910585, -0.86047061, -0.02005568, -0.85986015, -0.50743709, -0.05610851, 0.03810274, 0.04581023, -0.99822351]
  cam_t_m2c: [-6.73432577, 28.57366034, 627.79296430]
  obj_bb: [160, 161, 78, 78]
  obj_id: 2
tpl_57:
  cam_R_m2c: [0.58264418, -0.81244960, -0.02126771, -0.81206477, -0.58091191, -0.05560416, 0.03282087, 0.04966814, -0.99822638]
  cam_t_m2c: [-6.81878183, 28.66864126, 627.82960672]
  obj_bb: [160, 160, 77, 78]
  obj_id: 2
tpl_58:
  cam_R_m2c: [0.64954123, -0.75998605, -0.02274505, -0.75984323, -0.64777095, -0.05504809, 0.02710227, 0.05303865, -0.99822462]
  cam_t_m2c: [-6.94486941, 28.71207442, 627.76388075]
  obj_bb: [160, 160, 77, 78]
  obj_id: 2
tpl_59:
  cam_R_m2c: [0.71389629, -0.69984759, -0.02376246, -0.69993056, -0.71213134, -0.05446382, 0.02119430, 0.05551356, -0.99823283]
  cam_t_m2c: [-6.99253617, 28.76833550, 627.75727640]
  obj_bb: [159, 160, 78, 78]
  obj_id: 2
tpl_60:
  cam_R_m2c: [0.77077231, -0.63661706, -0.02507960, -0.63692890, -0.76901542, -0.05418827, 0.01521049, 0.05774076, -0.99821556]
  cam_t_m2c: [-7.08711911, 28.80384694, 627.72829386]
  obj_bb: [159, 160, 78, 78]
  obj_id: 2
tpl_61:
  cam_R_m2c: [0.82470895, -0.56494349, -0.02634740, -0.56548884, -0.82299263, -0.05389942, 0.00876631, 0.05935048, -0.99819893]
  cam_t_m2c: [-7.17357818, 28.83618396, 627.70669850]
  obj_bb: [159, 160, 78, 78]
  obj_id: 2
tpl_62:
  cam_R_m2c: [0.86988306, -0.49249809, -0.02737355, -0.49324889, -0.86819980, -0.05417144, 0.00291361, 0.06062479, -0.99815592]
  cam_t_m2c: [-7.22152299, 28.85627989, 627.72011547]
  obj_bb: [159, 160, 78, 78]
  obj_id: 2
tpl_63:
  cam_R_m2c: [0.90989106, -0.41387043, -0.02846807, -0.41483312, -0.90828834, -0.05408505, -0.00347293, 0.06102099, -0.99813094]
  cam_t_m2c: [-7.27926929, 28.89058578, 627.71020183]
  obj_bb: [159, 161, 77, 77]
  obj_id: 2
tpl_64:
  cam_R_m2c: [0.94230994, -0.33343676, -0.02954412, -0.33460420, -0.94078812, -0.05438521, -0.00966075, 0.06113326, -0.99808275]
  cam_t_m2c: [-7.34595174, 28.89769842, 627.72598828]
  obj_bb: [160, 161, 77, 77]
  obj_id: 2
tpl_65:
  cam_R_m2c: [0.96722428, -0.25207014, -0.03062833, -0.25343744, -0.96578657, -0.05501358, -0.01571308, 0.06097277, -0.99801609]
  cam_t_m2c: [-7.42739974, 28.89915594, 627.72429429]
  obj_bb: [159, 161, 78, 77]
  obj_id: 2
tpl_66:
  cam_R_m2c: [0.98564645, -0.16583545, -0.03162022, -0.16739685, -0.98431885, -0.05562382, -0.02189995, 0.06011852, -0.99795119]
  cam_t_m2c: [-7.47862808, 28.90231742, 627.78811306]
  obj_bb: [159, 161, 78, 77]
  obj_id: 2
tpl_67:
  cam_R_m2c: [0.99639985, -0.07824570, -0.03263047, -0.08000005, -0.99519471, -0.05645745, -0.02805612, 0.05886462, -0.99787163]
  cam_t_m2c: [-7.55056610, 28.90742077, 627.83720478]
  obj_bb: [159, 161, 78, 77]
  obj_id: 2
tpl_68:
  cam_R_m2c: [0.99937541, 0.00973424, -0.03395802, 0.00776642, -0.99831015, -0.05758560, -0.03446117, 0.05728593, -0.99776258]
  cam_t_m2c: [-7.67966576, 28.89700305, 627.94289882]
  obj_bb: [159, 160, 78, 78]
  obj_id: 2
tpl_69:
  cam_R_m2c: [0.99476128, 0.09602642, -0.03506692, 0.09389654, -0.99389033, -0.05801835, -0.04042399, 0.05442179, -0.99769971]
  cam_t_m2c: [-7.79037566, 28.89934882, 627.99377486]
  obj_bb: [159, 160, 77, 78]
  obj_id: 2
tpl_70:
  cam_R_m2c: [0.98270996, 0.18163951, -0.03590182, 0.17940577, -0.98206967, -0.05790231, -0.04577544, 0.05046028, -0.99767634]
  cam_t_m2c: [-7.86179036, 28.92464429, 627.98923859]
  obj_bb: [159, 160, 77, 78]
  obj_id: 2
tpl_71:
  cam_R_m2c: [0.96289026, 0.26739580, -0.03663727, 0.26501968, -0.96243084, -0.05909434, -0.05106237, 0.04719185, -0.99757977]
  cam_t_m2c: [-7.93641968, 28.91052999, 628.11637117]
  obj_bb: [159, 160, 78, 78]
  obj_id: 2
tpl_72:
  cam_R_m2c: [0.91519370, 0.40128382, -0.03731132, 0.38224136, -0.89363193, -0.23518724, -0.12771917, 0.20097935, -0.97123338]
  cam_t_m2c: [-8.33306072, 20.28833975, 626.42369739]
  obj_bb: [159, 154, 77, 82]
  obj_id: 2
tpl_73:
  cam_R_m2c: [0.87628893, 0.48027326, -0.03815274, 0.45914226, -0.85647431, -0.23588085, -0.14596406, 0.18918240, -0.97103268]
  cam_t_m2c: [-8.42378067, 20.23989116, 626.37786409]
  obj_bb: [158, 155, 78, 81]
  obj_id: 2
tpl_74:
  cam_R_m2c: [0.83139573, 0.55432986, -0.03872433, 0.53139153, -0.81350028, -0.23630398, -0.16249259, 0.17588437, -0.97090748]
  cam_t_m2c: [-8.49227241, 20.18796999, 626.41796714]
  obj_bb: [159, 155, 78, 81]
  obj_id: 2
tpl_75:
  cam_R_m2c: [0.78023638, 0.62424925, -0.03930052, 0.59956755, -0.76432800, -0.23732094, -0.17818620, 0.16160325, -0.97063554]
  cam_t_m2c: [-8.57849761, 20.12801160, 626.44765041]
  obj_bb: [159, 155, 78, 81]
  obj_id: 2
tpl_76:
  cam_R_m2c: [0.72219273, 0.69053753, -0.03994372, 0.66426385, -0.70849816, -0.23829394, -0.19285105, 0.14556047, -0.97037166]
  cam_t_m2c: [-8.66499962, 20.06556739, 626.43881928]
  obj_bb: [159, 155, 78, 81]
  obj_id: 2
tpl_77:
  cam_R_m2c: [0.65976321, 0.75038219, -0.04048245, 0.72282596, -0.64842290, -0.23889516, -0.20551273, 0.12835303, -0.97020114]
  cam_t_m2c: [-8.75002977, 19.99290663, 626.40771306]
  obj_bb: [159, 154, 77, 82]
  obj_id: 2
tpl_78:
  cam_R_m2c: [0.59217253, 0.80477191, -0.04091570, 0.77608021, -0.58325343, -0.23982112, -0.21686550, 0.11026151, -0.96995405]
  cam_t_m2c: [-8.81531820, 19.91417654, 626.38634155]
  obj_bb: [159, 154, 77, 82]
  obj_id: 2
tpl_79:
  cam_R_m2c: [0.52014335, 0.85309132, -0.04106626, 0.82349775, -0.51369080, -0.24077598, -0.22649874, 0.09142004, -0.96971158]
  cam_t_m2c: [-8.85423934, 19.83631075, 626.39049489]
  obj_bb: [159, 154, 77, 82]
  obj_id: 2
tpl_80:
  cam_R_m2c: [0.44287604, 0.89563534, -0.04121268, 0.86529840, -0.43900728, -0.24193196, -0.23477491, 0.07148427, -0.96941729]
  cam_t_m2c: [-8.90015300, 19.74984947, 626.38153531]
  obj_bb: [158, 153, 78, 82]
  obj_id: 2
tpl_81:
  cam_R_m2c: [0.36212089, 0.93122069, -0.04118448, 0.90036232, -0.36087448, -0.24314080, -0.24128028, 0.05096614, -0.96911597]
  cam_t_m2c: [-8.92454366, 19.65978111, 626.35357926]
  obj_bb: [158, 154, 78, 82]
  obj_id: 2
tpl_82:
  cam_R_m2c: [0.27994597, 0.95914010, -0.04099318, 0.92797497, -0.28129592, -0.24440776, -0.24595308, 0.03038012, -0.96880525]
  cam_t_m2c: [-8.92909698, 19.58699362, 626.35599854]
  obj_bb: [158, 154, 78, 82]
  obj_id: 2
tpl_83:
  cam_R_m2c: [0.19564453, 0.97983059, -0.04067717, 0.94855372, -0.19960236, -0.24577356, -0.24893629, 0.00950018, -0.96847348]
  cam_t_m2c: [-8.92845825, 19.51531196, 626.34795389]
  obj_bb: [158, 154, 78, 82]
  obj_id: 2
tpl_84:
  cam_R_m2c: [0.10840747, 0.99328314, -0.04043673, 0.96209581, -0.11506945, -0.24724795, -0.25024115, -0.01210053, -0.96810842]
  cam_t_m2c: [-8.96032039, 19.41499657, 626.33860395]
  obj_bb: [158, 153, 78, 83]
  obj_id: 2
tpl_85:
  cam_R_m2c: [0.02338238, 0.99891786, -0.04021029, 0.96803378, -0.03267028, -0.24868511, -0.24972931, -0.03310985, -0.96774985]
  cam_t_m2c: [-8.99067282, 19.32682823, 626.33845806]
  obj_bb: [158, 153, 78, 83]
  obj_id: 2
tpl_86:
  cam_R_m2c: [-0.06630297, 0.99701091, -0.03965645, 0.96664213, 0.05432774, -0.25030438, -0.24740170, -0.05492948, -0.96735477]
  cam_t_m2c: [-8.99432447, 19.21244835, 626.38014592]
  obj_bb: [158, 154, 78, 81]
  obj_id: 2
tpl_87:
  cam_R_m2c: [-0.15090209, 0.98779194, -0.03867719, 0.95820669, 0.13653911, -0.25138969, -0.24304041, -0.07499630, -0.96711262]
  cam_t_m2c: [-8.94465849, 19.13158098, 626.42319764]
  obj_bb: [158, 153, 78, 82]
  obj_id: 2
tpl_88:
  cam_R_m2c: [-0.23746231, 0.97064413, -0.03821834, 0.94218257, 0.22056594, -0.25227473, -0.23643954, -0.09591434, -0.96690010]
  cam_t_m2c: [-8.97743866, 19.01014279, 626.40626112]
  obj_bb: [158, 154, 78, 82]
  obj_id: 2
tpl_89:
  cam_R_m2c: [-0.32071538, 0.94645164, -0.03701491, 0.91922548, 0.30159028, -0.25311716, -0.22840073, -0.11520395, -0.96672728]
  cam_t_m2c: [-8.88753286, 18.93918806, 626.45378792]
  obj_bb: [159, 154, 77, 82]
  obj_id: 2
tpl_90:
  cam_R_m2c: [-0.40134760, 0.91520201, -0.03640249, 0.88949342, 0.37997814, -0.25380842, -0.21845421, -0.13424532, -0.96656936]
  cam_t_m2c: [-8.92616907, 18.81517899, 626.46613899]
  obj_bb: [159, 154, 77, 82]
  obj_id: 2
tpl_91:
  cam_R_m2c: [-0.47911820, 0.87704020, -0.03531346, 0.85295497, 0.45571086, -0.25455009, -0.20715790, -0.15208019, -0.96641448]
  cam_t_m2c: [-8.86328655, 18.72241032, 626.47582800]
  obj_bb: [159, 154, 77, 82]
  obj_id: 2
tpl_92:
  cam_R_m2c: [-0.55458642, 0.83141078, -0.03449635, 0.80925754, 0.52922953, -0.25498829, -0.19374347, -0.16932933, -0.96632890]
  cam_t_m2c: [-8.85044284, 18.62550820, 626.45094615]
  obj_bb: [159, 153, 77, 82]
  obj_id: 2
tpl_93:
  cam_R_m2c: [-0.62458383, 0.78024783, -0.03329519, 0.76001805, 0.59747678, -0.25572409, -0.17963497, -0.18502602, -0.96617646]
  cam_t_m2c: [-8.75987581, 18.52419840, 626.48935380]
  obj_bb: [159, 153, 78, 83]
  obj_id: 2
tpl_94:
  cam_R_m2c: [-0.68871776, 0.72431544, -0.03216273, 0.70624207, 0.66017749, -0.25570931, -0.16398189, -0.19882637, -0.96621865]
  cam_t_m2c: [-8.69718617, 18.42818902, 626.47360160]
  obj_bb: [159, 153, 78, 83]
  obj_id: 2
tpl_95:
  cam_R_m2c: [-0.75100981, 0.65956314, -0.03100222, 0.64384591, 0.72108423, -0.25592910, -0.14644585, -0.21216613, -0.96619815]
  cam_t_m2c: [-8.61772947, 18.34631641, 626.50718158]
  obj_bb: [159, 153, 78, 83]
  obj_id: 2
tpl_96:
  cam_R_m2c: [-0.80461560, 0.59305399, -0.02968739, 0.57966402, 0.77363909, -0.25587548, -0.12878097, -0.22309008, -0.96625375]
  cam_t_m2c: [-8.50673358, 18.27644571, 626.50469209]
  obj_bb: [160, 153, 77, 83]
  obj_id: 2
tpl_97:
  cam_R_m2c: [-0.85394479, 0.51959014, -0.02836869, 0.50866408, 0.82200800, -0.25605266, -0.10972289, -0.23308504, -0.96624628]
  cam_t_m2c: [-8.38221693, 18.21561817, 626.52448472]
  obj_bb: [160, 153, 77, 83]
  obj_id: 2
tpl_98:
  cam_R_m2c: [-0.89588778, 0.44345455, -0.02707490, 0.43501581, 0.86319480, -0.25623527, -0.09025841, -0.24133657, -0.96623549]
  cam_t_m2c: [-8.25523599, 18.16997682, 626.52551013]
  obj_bb: [159, 153, 78, 83]
  obj_id: 2
tpl_99:
  cam_R_m2c: [-0.93160776, 0.36254987, -0.02578956, 0.35671237, 0.89837724, -0.25627107, -0.06974281, -0.24794356, -0.96626118]
  cam_t_m2c: [-8.12700697, 18.13663405, 626.55187139]
  obj_bb: [159, 154, 78, 81]
  obj_id: 2
tpl_100:
  cam_R_m2c: [-0.95960957, 0.28026378, -0.02455375, 0.27701496, 0.92602281, -0.25640781, -0.04912378, -0.25285314, -0.96625709]
  cam_t_m2c: [-8.00854537, 18.10988846, 626.56008099]
  obj_bb: [160, 154, 77, 81]
  obj_id: 2
tpl_101:
  cam_R_m2c: [-0.98065454, 0.19435024, -0.02331550, 0.19376716, 0.94695250, -0.25639100, -0.02775060, -0.25594824, -0.96629171]
  cam_t_m2c: [-7.88272233, 18.09166493, 626.55246255]
  obj_bb: [160, 154, 78, 81]
  obj_id: 2
tpl_102:
  cam_R_m2c: [-0.99386984, 0.10835067, -0.02198467, 0.11035484, 0.96016417, -0.25672261, -0.00670722, -0.25757514, -0.96623506]
  cam_t_m2c: [-7.72529923, 18.09519082, 626.59322684]
  obj_bb: [159, 154, 78, 81]
  obj_id: 2
tpl_103:
  cam_R_m2c: [-0.99954815, 0.02143340, -0.02105680, 0.02612684, 0.96609547, -0.25685986, 0.01483777, -0.25729467, -0.96621867]
  cam_t_m2c: [-7.64178336, 18.09919051, 626.64900781]
  obj_bb: [159, 153, 78, 82]
  obj_id: 2
tpl_104:
  cam_R_m2c: [-0.99765620, -0.06544486, -0.01998965, -0.05812792, 0.96463744, -0.25708936, 0.03610800, -0.25532508, -0.96618105]
  cam_t_m2c: [-7.53533816, 18.09576584, 626.72013644]
  obj_bb: [160, 153, 77, 82]
  obj_id: 2
tpl_105:
  cam_R_m2c: [-0.98799454, -0.15335251, -0.01868389, -0.14351101, 0.95583470, -0.25648571, 0.05719142, -0.25072474, -0.96636717]
  cam_t_m2c: [-7.39655994, 18.14328040, 626.78751478]
  obj_bb: [160, 153, 78, 82]
  obj_id: 2
tpl_106:
  cam_R_m2c: [-0.97127182, -0.23729562, -0.01793254, -0.22497851, 0.94018843, -0.25579247, 0.07755833, -0.24440973, -0.96656563]
  cam_t_m2c: [-7.33380579, 18.17151046, 626.80893959]
  obj_bb: [160, 153, 78, 83]
  obj_id: 2
tpl_107:
  cam_R_m2c: [-0.94656856, -0.32207541, -0.01657400, -0.30747568, 0.91677762, -0.25490765, 0.09729400, -0.23619105, -0.96682323]
  cam_t_m2c: [-7.17058693, 18.22385206, 626.79710044]
  obj_bb: [159, 153, 78, 83]
  obj_id: 2
tpl_108:
  cam_R_m2c: [-0.91449630, -0.40427546, -0.01606261, -0.38725074, 0.88610392, -0.25467179, 0.11719038, -0.22667544, -0.96689455]
  cam_t_m2c: [-7.15476948, 18.25457535, 626.88481506]
  obj_bb: [159, 153, 78, 83]
  obj_id: 2
tpl_109:
  cam_R_m2c: [-0.87668712, -0.48082723, -0.01502100, -0.46179696, 0.84991498, -0.25375057, 0.13477647, -0.21552235, -0.96715335]
  cam_t_m2c: [-7.04582193, 18.30053508, 626.84811261]
  obj_bb: [160, 153, 77, 83]
  obj_id: 2
tpl_110:
  cam_R_m2c: [-0.83002004, -0.55754454, -0.01452031, -0.53639342, 0.80512409, -0.25309377, 0.15280166, -0.20228437, -0.96733315]
  cam_t_m2c: [-6.99511179, 18.36638267, 626.88219126]
  obj_bb: [160, 154, 77, 82]
  obj_id: 2
tpl_111:
  cam_R_m2c: [-0.77858279, -0.62738688, -0.01396478, -0.60446849, 0.75574914, -0.25191597, 0.16860238, -0.18769598, -0.96764848]
  cam_t_m2c: [-6.96292176, 18.38980793, 626.82137746]
  obj_bb: [160, 154, 78, 82]
  obj_id: 2
tpl_112:
  cam_R_m2c: [-0.72131342, -0.69248011, -0.01336226, -0.66803893, 0.70068838, -0.25052127, 0.18284344, -0.17177714, -0.96801923]
  cam_t_m2c: [-6.88353363, 18.46255658, 626.79256041]
  obj_bb: [160, 154, 78, 82]
  obj_id: 2
tpl_113:
  cam_R_m2c: [-0.65864958, -0.75233888, -0.01293702, -0.72657192, 0.64037310, -0.24902824, 0.19563850, -0.15462246, -0.96840996]
  cam_t_m2c: [-6.82726159, 18.53158005, 626.71486500]
  obj_bb: [160, 155, 78, 81]
  obj_id: 2
tpl_114:
  cam_R_m2c: [-0.58983134, -0.80742887, -0.01255764, -0.78053204, 0.57403274, -0.24749963, 0.20704658, -0.13618168, -0.96880664]
  cam_t_m2c: [-6.78060612, 18.60795135, 626.65978926]
  obj_bb: [160, 155, 78, 81]
  obj_id: 2
tpl_115:
  cam_R_m2c: [-0.51772993, -0.85545669, -0.01220644, -0.82771215, 0.50444709, -0.24581690, 0.21644355, -0.11716321, -0.96923980]
  cam_t_m2c: [-6.71506689, 18.69641215, 626.60464428]
  obj_bb: [160, 154, 78, 82]
  obj_id: 2
tpl_116:
  cam_R_m2c: [-0.44170879, -0.89707711, -0.01205116, -0.86863176, 0.43098608, -0.24439521, 0.22443532, -0.09748418, -0.96960121]
  cam_t_m2c: [-6.67513963, 18.77580132, 626.55821094]
  obj_bb: [160, 154, 78, 82]
  obj_id: 2
tpl_117:
  cam_R_m2c: [-0.36233869, -0.93196988, -0.01196122, -0.90314403, 0.35424494, -0.24257462, 0.23030917, -0.07709170, -0.97005909]
  cam_t_m2c: [-6.62754451, 18.89155601, 626.47884426]
  obj_bb: [159, 154, 78, 82]
  obj_id: 2
tpl_118:
  cam_R_m2c: [-0.27889317, -0.96024622, -0.01202329, -0.93118156, 0.27347046, -0.24107149, 0.23477531, -0.05603740, -0.97043321]
  cam_t_m2c: [-6.58790401, 19.00963300, 626.41656199]
  obj_bb: [160, 154, 77, 82]
  obj_id: 2
tpl_119:
  cam_R_m2c: [-0.19482319, -0.98076166, -0.01226097, -0.95165695, 0.19203773, -0.23973050, 0.23747338, -0.03503653, -0.97076167]
  cam_t_m2c: [-6.56241661, 19.13243711, 626.35859709]
  obj_bb: [160, 154, 77, 82]
  obj_id: 2
tpl_120:
  cam_R_m2c: [-0.10929371, -0.99392746, -0.01275407, -0.96492140, 0.10916785, -0.23876505, 0.23870701, -0.01378883, -0.97099399]
  cam_t_m2c: [-6.57792663, 19.23871676, 626.32185784]
  obj_bb: [159, 153, 78, 83]
  obj_id: 2
tpl_121:
  cam_R_m2c: [-0.02143904, -0.99967830, -0.01356629, -0.97111784, 0.02404792, -0.23738430, 0.23763351, 0.00808511, -0.97132154]
  cam_t_m2c: [-6.62472653, 19.36179582, 626.27306436]
  obj_bb: [159, 154, 78, 82]
  obj_id: 2
tpl_122:
  cam_R_m2c: [0.06484331, -0.99779306, -0.01431629, -0.96984566, -0.05963598, -0.23631151, 0.23493600, 0.02920791, -0.97157186]
  cam_t_m2c: [-6.66099682, 19.48206367, 626.23630606]
  obj_bb: [159, 154, 78, 82]
  obj_id: 2
tpl_123:
  cam_R_m2c: [0.15069458, -0.98847077, -0.01472604, -0.96137140, -0.14305993, -0.23515473, 0.23033693, 0.04959370, -0.97184640]
  cam_t_m2c: [-6.65602631, 19.58216674, 626.26326228]
  obj_bb: [159, 155, 78, 81]
  obj_id: 2
tpl_124:
  cam_R_m2c: [0.23693998, -0.97139875, -0.01564146, -0.94543615, -0.22684161, -0.23386408, 0.22362695, 0.07019969, -0.97214347]
  cam_t_m2c: [-6.72046124, 19.68840355, 626.20334227]
  obj_bb: [160, 155, 78, 81]
  obj_id: 2
tpl_125:
  cam_R_m2c: [0.32002340, -0.94726213, -0.01670945, -0.92254809, -0.30756320, -0.23304689, 0.21561749, 0.08999585, -0.97232160]
  cam_t_m2c: [-6.77743157, 19.78558334, 626.16492366]
  obj_bb: [160, 155, 78, 82]
  obj_id: 2
tpl_126:
  cam_R_m2c: [0.40043147, -0.91615513, -0.01771437, -0.89285523, -0.38575420, -0.23238778, 0.20607051, 0.10887203, -0.97246201]
  cam_t_m2c: [-6.86272478, 19.86216722, 626.16527789]
  obj_bb: [160, 154, 78, 82]
  obj_id: 2
tpl_127:
  cam_R_m2c: [0.47678149, -0.87881939, -0.01889115, -0.85715394, -0.46004828, -0.23161033, 0.19485336, 0.12662031, -0.97262533]
  cam_t_m2c: [-6.94221246, 19.94566695, 626.12233043]
  obj_bb: [160, 154, 77, 82]
  obj_id: 2
tpl_128:
  cam_R_m2c: [0.55344808, -0.83264649, -0.01989323, -0.81278221, -0.53472046, -0.23121035, 0.18187949, 0.14413204, -0.97269984]
  cam_t_m2c: [-7.00088019, 19.98070686, 626.08595825]
  obj_bb: [159, 154, 78, 82]
  obj_id: 2
tpl_129:
  cam_R_m2c: [0.62202363, -0.78271447, -0.02109241, -0.76473738, -0.60151302, -0.23099780, 0.16811804, 0.15981621, -0.97272528]
  cam_t_m2c: [-7.08514430, 20.02893307, 626.04870993]
  obj_bb: [159, 154, 78, 82]
  obj_id: 2
tpl_130:
  cam_R_m2c: [0.68845567, -0.72493662, -0.02228116, -0.70912447, -0.66635664, -0.23045799, 0.15222044, 0.17445977, -0.97282680]
  cam_t_m2c: [-7.15816328, 20.09444543, 626.04226495]
  obj_bb: [159, 154, 78, 82]
  obj_id: 2
tpl_131:
  cam_R_m2c: [0.74953264, -0.66154769, -0.02355129, -0.64799895, -0.72598265, -0.23031581, 0.13526678, 0.18789050, -0.97283103]
  cam_t_m2c: [-7.24970240, 20.13847457, 626.03059243]
  obj_bb: [159, 154, 78, 82]
  obj_id: 2
tpl_132:
  cam_R_m2c: [0.80303814, -0.59541685, -0.02466578, -0.58419015, -0.77837159, -0.22991108, 0.11769367, 0.19903644, -0.97289871]
  cam_t_m2c: [-7.30901345, 20.17127257, 626.00441195]
  obj_bb: [160, 154, 78, 82]
  obj_id: 2
tpl_133:
  cam_R_m2c: [0.85233077, -0.52237110, -0.02571466, -0.51358558, -0.82668131, -0.22984516, 0.09880660, 0.20911079, -0.97288720]
  cam_t_m2c: [-7.36448292, 20.20722491, 626.01435441]
  obj_bb: [160, 155, 77, 81]
  obj_id: 2
tpl_134:
  cam_R_m2c: [0.89501671, -0.44521851, -0.02691840, -0.43896981, -0.86854326, -0.23008343, 0.07905784, 0.21774571, -0.97279887]
  cam_t_m2c: [-7.45169328, 20.24941048, 625.99743604]
  obj_bb: [159, 155, 78, 81]
  obj_id: 2
tpl_135:
  cam_R_m2c: [0.93019482, -0.36599874, -0.02797182, -0.36230395, -0.90321994, -0.23006657, 0.05893964, 0.22414060, -0.97277308]
  cam_t_m2c: [-7.50764342, 20.28142160, 625.99121270]
  obj_bb: [159, 155, 78, 81]
  obj_id: 2
tpl_136:
  cam_R_m2c: [0.95841393, -0.28389954, -0.02904320, -0.28279205, -0.93111037, -0.23035274, 0.03835452, 0.22898608, -0.97267359]
  cam_t_m2c: [-7.56905767, 20.29836301, 625.98821616]
  obj_bb: [159, 155, 78, 81]
  obj_id: 2
tpl_137:
  cam_R_m2c: [0.97969508, -0.19821813, -0.03011939, -0.19976414, -0.95224491, -0.23092175, 0.01709168, 0.23224955, -0.97250569]
  cam_t_m2c: [-7.65036851, 20.31605644, 625.99013671]
  obj_bb: [159, 155, 78, 81]
  obj_id: 2
tpl_138:
  cam_R_m2c: [0.99301083, -0.11384507, -0.03112160, -0.11796534, -0.96560241, -0.23172442, -0.00367019, 0.23377616, -0.97228384]
  cam_t_m2c: [-7.70620107, 20.32505791, 626.02816391]
  obj_bb: [159, 155, 78, 81]
  obj_id: 2
tpl_139:
  cam_R_m2c: [0.99910425, -0.02712839, -0.03247016, -0.03395108, -0.97198232, -0.23258950, -0.02525073, 0.23348428, -0.97203285]
  cam_t_m2c: [-7.82257355, 20.34459413, 626.09768046]
  obj_bb: [159, 154, 77, 82]
  obj_id: 2
tpl_140:
  cam_R_m2c: [0.99755700, 0.06119566, -0.03367790, 0.05166872, -0.97091597, -0.23378088, -0.04700493, 0.23147048, -0.97170589]
  cam_t_m2c: [-7.93909496, 20.32021368, 626.21658580]
  obj_bb: [159, 155, 78, 81]
  obj_id: 2
tpl_141:
  cam_R_m2c: [0.98848460, 0.14740833, -0.03419841, 0.13551931, -0.96289857, -0.23336937, -0.06733015, 0.22604736, -0.97178654]
  cam_t_m2c: [-7.97071242, 20.34857503, 626.19794763]
  obj_bb: [159, 154, 78, 81]
  obj_id: 2
tpl_142:
  cam_R_m2c: [0.97229024, 0.23106406, -0.03551042, 0.21667792, -0.94774264, -0.23416776, -0.08776250, 0.21998427, -0.97154773]
  cam_t_m2c: [-8.11147586, 20.32743532, 626.27086681]
  obj_bb: [159, 154, 78, 81]
  obj_id: 2
tpl_143:
  cam_R_m2c: [0.94769199, 0.31711192, -0.03634044, 0.30032063, -0.92443981, -0.23498440, -0.10811075, 0.21177868, -0.97131947]
  cam_t_m2c: [-8.19993429, 20.31875993, 626.32942563]
  obj_bb: [159, 154, 78, 82]
  obj_id: 2
tpl_144:
  cam_R_m2c: [0.93108924, 0.36328559, -0.03310564, 0.31965992, -0.85625479, -0.40576643, -0.17575601, 0.36722239, -0.91337735]
  cam_t_m2c: [-8.04723277, 12.14776545, 626.10780458]
  obj_bb: [159, 148, 78, 87]
  obj_id: 2
tpl_145:
  cam_R_m2c: [0.89549316, 0.44376889, -0.03406710, 0.39325398, -0.82475349, -0.40636485, -0.20842923, 0.35050027, -0.91307505]
  cam_t_m2c: [-8.14114848, 12.14540572, 626.12385243]
  obj_bb: [159, 148, 78, 87]
  obj_id: 2
tpl_146:
  cam_R_m2c: [0.85457150, 0.51817328, -0.03469215, 0.46155938, -0.78842779, -0.40662579, -0.23805463, 0.33147770, -0.91293586]
  cam_t_m2c: [-8.22520876, 12.06866979, 626.11251612]
  obj_bb: [159, 148, 78, 86]
  obj_id: 2
tpl_147:
  cam_R_m2c: [0.80561237, 0.59137523, -0.03555958, 0.52871648, -0.74473911, -0.40721388, -0.26729894, 0.30925536, -0.91264023]
  cam_t_m2c: [-8.33025106, 12.00997095, 626.16066490]
  obj_bb: [159, 148, 77, 86]
  obj_id: 2
tpl_148:
  cam_R_m2c: [0.75253264, 0.65758605, -0.03572481, 0.58966284, -0.69697255, -0.40807674, -0.29324440, 0.28602600, -0.91224794]
  cam_t_m2c: [-8.35472617, 11.97749399, 626.15632453]
  obj_bb: [159, 149, 77, 85]
  obj_id: 2
tpl_149:
  cam_R_m2c: [0.69156101, 0.72138442, -0.03671870, 0.64825456, -0.64227133, -0.40896502, -0.31860421, 0.25902181, -0.91181051]
  cam_t_m2c: [-8.48562032, 11.89449694, 626.15583749]
  obj_bb: [159, 149, 78, 85]
  obj_id: 2
tpl_150:
  cam_R_m2c: [0.62637796, 0.77862718, -0.03729194, 0.70110187, -0.58363191, -0.40967125, -0.34074659, 0.23046394, -0.91147031]
  cam_t_m2c: [-8.57304812, 11.79975863, 626.16849882]
  obj_bb: [159, 149, 78, 85]
  obj_id: 2
tpl_151:
  cam_R_m2c: [0.55403536, 0.83164061, -0.03766909, 0.75015284, -0.51834613, -0.41059543, -0.36099421, 0.19922683, -0.91103941]
  cam_t_m2c: [-8.62684160, 11.72728121, 626.15978380]
  obj_bb: [159, 148, 78, 86]
  obj_id: 2
tpl_152:
  cam_R_m2c: [0.48117367, 0.87580716, -0.03786703, 0.79111429, -0.45244051, -0.41162475, -0.37763688, 0.16810565, -0.91056637]
  cam_t_m2c: [-8.68923440, 11.62561438, 626.18563622]
  obj_bb: [159, 147, 78, 87]
  obj_id: 2
tpl_153:
  cam_R_m2c: [0.40328487, 0.91428116, -0.03809223, 0.82683010, -0.38191318, -0.41290944, -0.39206366, 0.13502428, -0.90997536]
  cam_t_m2c: [-8.74486756, 11.52643637, 626.19752098]
  obj_bb: [159, 147, 77, 88]
  obj_id: 2
tpl_154:
  cam_R_m2c: [0.32105531, 0.94630109, -0.03790851, 0.85674435, -0.30726469, -0.41421897, -0.40362371, 0.10050992, -0.90938783]
  cam_t_m2c: [-8.73747696, 11.44473357, 626.20031969]
  obj_bb: [159, 147, 78, 88]
  obj_id: 2
tpl_155:
  cam_R_m2c: [0.23765876, 0.97061273, -0.03779056, 0.87959562, -0.23155255, -0.41556540, -0.41210383, 0.06552286, -0.90877776]
  cam_t_m2c: [-8.76282258, 11.36091563, 626.18845824]
  obj_bb: [159, 147, 77, 87]
  obj_id: 2
tpl_156:
  cam_R_m2c: [0.15233785, 0.98761929, -0.03743264, 0.89580684, -0.15397779, -0.41691905, -0.41752097, 0.02997983, -0.90817302]
  cam_t_m2c: [-8.75745242, 11.27186832, 626.17101593]
  obj_bb: [159, 147, 77, 87]
  obj_id: 2
tpl_157:
  cam_R_m2c: [0.06590840, 0.99713533, -0.03712179, 0.90513307, -0.07540327, -0.41838894, -0.41998993, -0.00602513, -0.90750905]
  cam_t_m2c: [-8.78125064, 11.17481174, 626.17498107]
  obj_bb: [159, 146, 77, 88]
  obj_id: 2
tpl_158:
  cam_R_m2c: [-0.02399508, 0.99904161, -0.03661353, 0.90748162, 0.00640179, -0.42004256, -0.41940623, -0.04330516, -0.90676562]
  cam_t_m2c: [-8.77724642, 11.08341641, 626.18963544]
  obj_bb: [159, 147, 77, 87]
  obj_id: 2
tpl_159:
  cam_R_m2c: [-0.10914735, 0.99337994, -0.03582478, 0.90317913, 0.08405527, -0.42095334, -0.41515543, -0.07830230, -0.90637474]
  cam_t_m2c: [-8.76227025, 11.00969720, 626.27270190]
  obj_bb: [159, 147, 78, 87]
  obj_id: 2
tpl_160:
  cam_R_m2c: [-0.19522702, 0.98013175, -0.03504987, 0.89195725, 0.16257771, -0.42187755, -0.40779690, -0.11362483, -0.90597528]
  cam_t_m2c: [-8.74174575, 10.92528259, 626.29476496]
  obj_bb: [159, 148, 78, 87]
  obj_id: 2
tpl_161:
  cam_R_m2c: [-0.28085394, 0.95915425, -0.03381963, 0.87372070, 0.24093823, -0.42256408, -0.39715581, -0.14822777, -0.90570201]
  cam_t_m2c: [-8.67629636, 10.84231174, 626.38826340]
  obj_bb: [159, 149, 78, 86]
  obj_id: 2
tpl_162:
  cam_R_m2c: [-0.36316034, 0.93113366, -0.03322584, 0.84902272, 0.31602639, -0.42342371, -0.38376378, -0.18198019, -0.90532217]
  cam_t_m2c: [-8.67616006, 10.78495996, 626.31918594]
  obj_bb: [159, 148, 78, 87]
  obj_id: 2
tpl_163:
  cam_R_m2c: [-0.44247180, 0.89620926, -0.03205334, 0.81801463, 0.38870186, -0.42398474, -0.36752020, -0.21382154, -0.90510228]
  cam_t_m2c: [-8.63200140, 10.67903964, 626.46983236]
  obj_bb: [159, 147, 78, 88]
  obj_id: 2
tpl_164:
  cam_R_m2c: [-0.51976471, 0.85374821, -0.03095135, 0.78020881, 0.45961160, -0.42430100, -0.34802031, -0.24468522, -0.90499254]
  cam_t_m2c: [-8.57787815, 10.58780532, 626.46552792]
  obj_bb: [159, 147, 78, 87]
  obj_id: 2
tpl_165:
  cam_R_m2c: [-0.59308720, 0.80458182, -0.02993101, 0.73622997, 0.52690522, -0.42465997, -0.32590331, -0.27389705, -0.90485812]
  cam_t_m2c: [-8.52349740, 10.49305147, 626.48942155]
  obj_bb: [160, 146, 77, 88]
  obj_id: 2
tpl_166:
  cam_R_m2c: [-0.66035285, 0.75041235, -0.02856210, 0.68741107, 0.58872601, -0.42528646, -0.30232449, -0.30047256, -0.90460777]
  cam_t_m2c: [-8.42008285, 10.42215214, 626.51214861]
  obj_bb: [160, 146, 77, 88]
  obj_id: 2
tpl_167:
  cam_R_m2c: [-0.72217481, 0.69115109, -0.02781922, 0.63428680, 0.64564200, -0.42523760, -0.27594188, -0.32474126, -0.90465387]
  cam_t_m2c: [-8.39706675, 10.33547636, 626.51652022]
  obj_bb: [159, 147, 77, 88]
  obj_id: 2
tpl_168:
  cam_R_m2c: [-0.77951694, 0.62581482, -0.02663596, 0.57535762, 0.69856173, -0.42541115, -0.24762174, -0.34694076, -0.90460813]
  cam_t_m2c: [-8.29599072, 10.27051822, 626.54597840]
  obj_bb: [159, 147, 78, 88]
  obj_id: 2
tpl_169:
  cam_R_m2c: [-0.83268920, 0.55315090, -0.02554273, 0.50971052, 0.74763906, -0.42571227, -0.21638621, -0.36750509, -0.90449836]
  cam_t_m2c: [-8.20853175, 10.20685170, 626.58503306]
  obj_bb: [159, 147, 78, 88]
  obj_id: 2
tpl_170:
  cam_R_m2c: [-0.87764415, 0.47869952, -0.02424851, 0.44227854, 0.78929618, -0.42591231, -0.18474518, -0.38452430, -0.90443911]
  cam_t_m2c: [-8.08693094, 10.13609357, 626.61655444]
  obj_bb: [160, 147, 77, 88]
  obj_id: 2
tpl_171:
  cam_R_m2c: [-0.91593803, 0.40066052, -0.02300818, 0.37151764, 0.82484302, -0.42615552, -0.15176578, -0.39888020, -0.90435748]
  cam_t_m2c: [-7.96543309, 10.08477318, 626.65193448]
  obj_bb: [160, 147, 77, 88]
  obj_id: 2
tpl_172:
  cam_R_m2c: [-0.94730554, 0.31959424, -0.02170469, 0.29791321, 0.85408352, -0.42636756, -0.11772664, -0.41036582, -0.90429026]
  cam_t_m2c: [-7.83237846, 10.05890239, 626.66796300]
