%YAML 1.0
---
tpl_0:
  cam_R_m2c: [0.99949805, 0.01752983, -0.02640584, 0.01548412, -0.99700404, -0.07578034, -0.02765513, 0.07533340, -0.99677508]
  cam_t_m2c: [-10.57225100, 27.78179030, 625.33192148]
  obj_bb: [126, 128, 143, 143]
  obj_id: 30
tpl_1:
  cam_R_m2c: [0.99423326, 0.10396019, -0.02630018, 0.10173516, -0.99196880, -0.07514639, -0.03390122, 0.07203742, -0.99682530]
  cam_t_m2c: [-10.80172764, 27.88233479, 625.27771336]
  obj_bb: [126, 128, 143, 143]
  obj_id: 30
tpl_2:
  cam_R_m2c: [0.98180452, 0.18800750, -0.02669938, 0.18556286, -0.97973990, -0.07534124, -0.04032310, 0.06901596, -0.99680047]
  cam_t_m2c: [-11.07505978, 27.93525276, 625.33969656]
  obj_bb: [126, 127, 144, 143]
  obj_id: 30
tpl_3:
  cam_R_m2c: [0.96103523, 0.27514115, -0.02660953, 0.27255325, -0.95923058, -0.07477424, -0.04609817, 0.06460814, -0.99684550]
  cam_t_m2c: [-11.30453431, 27.99125472, 625.28261002]
  obj_bb: [126, 127, 143, 143]
  obj_id: 30
tpl_4:
  cam_R_m2c: [0.93416043, 0.35585568, -0.02666903, 0.35311074, -0.93257359, -0.07496226, -0.05154655, 0.06060973, -0.99682946]
  cam_t_m2c: [-11.53717730, 28.00221750, 625.30711879]
  obj_bb: [127, 127, 143, 143]
  obj_id: 30
tpl_5:
  cam_R_m2c: [0.89915421, 0.43680808, -0.02682367, 0.43393130, -0.89783032, -0.07486444, -0.05678443, 0.05567504, -0.99683294]
  cam_t_m2c: [-11.79512228, 27.99757519, 625.26622240]
  obj_bb: [126, 127, 143, 143]
  obj_id: 30
tpl_6:
  cam_R_m2c: [0.85720256, 0.51427907, -0.02684916, 0.51129415, -0.85613674, -0.07489321, -0.06150263, 0.05047081, -0.99683008]
  cam_t_m2c: [-12.03057647, 27.96869652, 625.23005308]
  obj_bb: [127, 127, 143, 143]
  obj_id: 30
tpl_7:
  cam_R_m2c: [0.80946553, 0.58655642, -0.02677505, 0.58349130, -0.80865585, -0.07492077, -0.06559703, 0.04502282, -0.99683008]
  cam_t_m2c: [-12.23446654, 27.94507507, 625.21652636]
  obj_bb: [126, 127, 143, 143]
  obj_id: 30
tpl_8:
  cam_R_m2c: [0.75555174, 0.65454247, -0.02674008, 0.65139973, -0.75499756, -0.07521720, -0.06942161, 0.03941200, -0.99680840]
  cam_t_m2c: [-12.44871709, 27.88222951, 625.17943978]
  obj_bb: [126, 127, 143, 143]
  obj_id: 30
tpl_9:
  cam_R_m2c: [0.69707818, 0.71649808, -0.02668787, 0.71331806, -0.69678760, -0.07526747, -0.07252483, 0.03343034, -0.99680663]
  cam_t_m2c: [-12.66092312, 27.81007595, 625.15796046]
  obj_bb: [127, 128, 143, 143]
  obj_id: 30
tpl_10:
  cam_R_m2c: [0.62996541, 0.77616803, -0.02658886, 0.77295624, -0.62994662, -0.07554229, -0.07538310, 0.02703705, -0.99678791]
  cam_t_m2c: [-12.86152567, 27.72148190, 625.15019176]
  obj_bb: [126, 127, 143, 144]
  obj_id: 30
tpl_11:
  cam_R_m2c: [0.56036630, 0.82781723, -0.02663070, 0.82461011, -0.56062669, -0.07559954, -0.07751246, 0.02040348, -0.99678224]
  cam_t_m2c: [-13.08674254, 27.61216513, 625.13299686]
  obj_bb: [126, 127, 143, 143]
  obj_id: 30
tpl_12:
  cam_R_m2c: [0.48657295, 0.87323793, -0.02651337, 0.87003590, -0.48709655, -0.07599002, -0.07927188, 0.01390711, -0.99675633]
  cam_t_m2c: [-13.27423144, 27.48475385, 625.14386445]
  obj_bb: [126, 127, 144, 143]
  obj_id: 30
tpl_13:
  cam_R_m2c: [0.40907904, 0.91211251, -0.02656482, 0.90892028, -0.40987739, -0.07657981, -0.08073774, 0.00718192, -0.99670972]
  cam_t_m2c: [-13.48705821, 27.31950547, 625.15131354]
  obj_bb: [126, 127, 143, 143]
  obj_id: 30
tpl_14:
  cam_R_m2c: [0.32700061, 0.94464883, -0.02663202, 0.94149645, -0.32808295, -0.07710532, -0.08157496, 0.00013956, -0.99666691]
  cam_t_m2c: [-13.69153391, 27.13218893, 625.17052247]
  obj_bb: [126, 127, 143, 143]
  obj_id: 30
tpl_15:
  cam_R_m2c: [0.24393145, 0.96942552, -0.02668260, 0.96634315, -0.24529096, -0.07755056, -0.08172445, -0.00686750, -0.99663133]
  cam_t_m2c: [-13.86543103, 26.95880739, 625.21688048]
  obj_bb: [126, 127, 144, 143]
  obj_id: 30
tpl_16:
  cam_R_m2c: [0.15909646, 0.98690030, -0.02675542, 0.98393759, -0.16072434, -0.07768306, -0.08096565, -0.01396666, -0.99661923]
  cam_t_m2c: [-14.05612935, 26.74027819, 625.20562657]
  obj_bb: [126, 127, 143, 143]
  obj_id: 30
tpl_17:
  cam_R_m2c: [0.07293862, 0.99699400, -0.02612500, 0.99417624, -0.07476620, -0.07761379, -0.07933379, -0.02031176, -0.99664132]
  cam_t_m2c: [-14.10447077, 26.52755341, 625.20786350]
  obj_bb: [126, 127, 143, 143]
  obj_id: 30
tpl_18:
  cam_R_m2c: [-0.01512075, 0.99952887, -0.02671146, 0.99688186, 0.01300057, -0.07783523, -0.07745125, -0.02780505, -0.99660881]
  cam_t_m2c: [-14.32703972, 26.29526966, 625.22918502]
  obj_bb: [127, 127, 143, 143]
  obj_id: 30
tpl_19:
  cam_R_m2c: [-0.10167866, 0.99447444, -0.02611737, 0.99202515, 0.09939228, -0.07750134, -0.07447713, -0.03378937, -0.99665055]
  cam_t_m2c: [-14.35475295, 26.04943044, 625.20598436]
  obj_bb: [127, 126, 143, 144]
  obj_id: 30
tpl_20:
  cam_R_m2c: [-0.18878120, 0.98166674, -0.02630833, 0.97941214, 0.18626136, -0.07783546, -0.07150828, -0.04046060, -0.99661866]
  cam_t_m2c: [-14.47907022, 25.77708533, 625.21902730]
  obj_bb: [126, 127, 143, 143]
  obj_id: 30
tpl_21:
  cam_R_m2c: [-0.27309962, 0.96163702, -0.02589608, 0.95961044, 0.27043665, -0.07752932, -0.06755172, -0.04602336, -0.99665349]
  cam_t_m2c: [-14.48142867, 25.53255875, 625.23026640]
  obj_bb: [126, 126, 143, 144]
  obj_id: 30
tpl_22:
  cam_R_m2c: [-0.35697793, 0.93375794, -0.02572711, 0.93195040, 0.35414397, -0.07777966, -0.06351624, -0.05174198, -0.99663830]
  cam_t_m2c: [-14.49970718, 25.25037423, 625.23731478]
  obj_bb: [126, 127, 143, 143]
  obj_id: 30
tpl_23:
  cam_R_m2c: [-0.43655365, 0.89931093, -0.02570885, 0.89776352, 0.43358245, -0.07763035, -0.05866700, -0.05697020, -0.99665097]
  cam_t_m2c: [-14.53188003, 24.96724958, 625.23638315]
  obj_bb: [126, 126, 143, 144]
  obj_id: 30
tpl_24:
  cam_R_m2c: [-0.51182024, 0.85871840, -0.02534690, 0.85741407, 0.50875348, -0.07753723, -0.05368734, -0.06141794, -0.99666757]
  cam_t_m2c: [-14.47120168, 24.71788494, 625.24419779]
  obj_bb: [126, 127, 144, 143]
  obj_id: 30
tpl_25:
  cam_R_m2c: [-0.58574869, 0.81010891, -0.02495572, 0.80905880, 0.58260431, -0.07743377, -0.04819049, -0.06554737, -0.99668535]
  cam_t_m2c: [-14.37775917, 24.46737806, 625.26846409]
  obj_bb: [127, 127, 143, 143]
  obj_id: 30
tpl_26:
  cam_R_m2c: [-0.65399409, 0.75609960, -0.02460090, 0.75530586, 0.65079200, -0.07735306, -0.04247650, -0.06916968, -0.99669996]
  cam_t_m2c: [-14.26957440, 24.22634074, 625.27134343]
  obj_bb: [127, 127, 143, 143]
  obj_id: 30
tpl_27:
  cam_R_m2c: [-0.71836222, 0.69524412, -0.02432350, 0.69470918, 0.71509396, -0.07759270, -0.03655230, -0.07263739, -0.99668808]
  cam_t_m2c: [-14.14185134, 23.99156352, 625.28709712]
  obj_bb: [126, 127, 143, 143]
  obj_id: 30
tpl_28:
  cam_R_m2c: [-0.77612728, 0.63011890, -0.02401107, 0.62984648, 0.77283411, -0.07759744, -0.03033903, -0.07534881, -0.99669538]
  cam_t_m2c: [-13.98719772, 23.77833817, 625.31354987]
  obj_bb: [126, 126, 143, 143]
  obj_id: 30
tpl_29:
  cam_R_m2c: [-0.82802217, 0.56019120, -0.02378545, 0.56018854, 0.82472287, -0.07759280, -0.02385040, -0.07757291, -0.99670159]
  cam_t_m2c: [-13.83707784, 23.57503575, 625.33771409]
  obj_bb: [127, 127, 143, 143]
  obj_id: 30
tpl_30:
  cam_R_m2c: [-0.87358934, 0.48609107, -0.02362432, 0.48635665, 0.87028052, -0.07790072, -0.01730699, -0.07954306, -0.99668113]
  cam_t_m2c: [-13.67888493, 23.37441023, 625.38825883]
  obj_bb: [127, 127, 143, 143]
  obj_id: 30
tpl_31:
  cam_R_m2c: [-0.91199581, 0.40952533, -0.02350424, 0.41005902, 0.90868728, -0.07834962, -0.01072815, -0.08109269, -0.99664911]
  cam_t_m2c: [-13.50556350, 23.19233359, 625.45543004]
  obj_bb: [126, 126, 143, 143]
  obj_id: 30
tpl_32:
  cam_R_m2c: [-0.94509620, 0.32595502, -0.02338862, 0.32677337, 0.94182395, -0.07865407, -0.00360969, -0.08197842, -0.99662763]
  cam_t_m2c: [-13.31789495, 23.01981795, 625.50921754]
  obj_bb: [126, 127, 144, 143]
  obj_id: 30
tpl_33:
  cam_R_m2c: [-0.96986378, 0.24253908, -0.02319615, 0.24362597, 0.96660862, -0.07946262, 0.00314884, -0.08271906, -0.99656765]
  cam_t_m2c: [-13.11262161, 22.85625330, 625.65205502]
  obj_bb: [127, 127, 143, 143]
  obj_id: 30
tpl_34:
  cam_R_m2c: [-0.98749988, 0.15593382, -0.02298644, 0.15728318, 0.98437794, -0.07913951, 0.01028674, -0.08176563, -0.99659886]
  cam_t_m2c: [-12.90790699, 22.72533890, 625.63411228]
  obj_bb: [126, 126, 143, 143]
  obj_id: 30
tpl_35:
  cam_R_m2c: [-0.99732455, 0.06960140, -0.02234719, 0.07116485, 0.99432071, -0.07912962, 0.01671274, -0.08050826, -0.99661411]
  cam_t_m2c: [-12.62884273, 22.62571137, 625.67359483]
  obj_bb: [127, 126, 143, 143]
  obj_id: 30
tpl_36:
  cam_R_m2c: [-0.99960011, -0.01717599, -0.02246139, -0.01533582, 0.99670302, -0.07967534, 0.02375586, -0.07929902, -0.99656738]
  cam_t_m2c: [-12.43504223, 22.51372717, 625.79212190]
  obj_bb: [127, 127, 143, 143]
  obj_id: 30
tpl_37:
  cam_R_m2c: [-0.99420262, -0.10520801, -0.02217744, -0.10316156, 0.99152171, -0.07901063, 0.03030199, -0.07626478, -0.99662745]
  cam_t_m2c: [-12.19852559, 22.45527165, 625.74840864]
  obj_bb: [127, 127, 143, 143]
  obj_id: 30
tpl_38:
  cam_R_m2c: [-0.98136466, -0.19087331, -0.02216669, -0.18859205, 0.97884832, -0.07930731, 0.03683542, -0.07364886, -0.99660411]
  cam_t_m2c: [-11.98244799, 22.37615365, 625.77270394]
  obj_bb: [127, 127, 143, 143]
  obj_id: 30
tpl_39:
  cam_R_m2c: [-0.96111606, -0.27526410, -0.02203201, -0.27280228, 0.95883270, -0.07886147, 0.04283271, -0.06978467, -0.99664198]
  cam_t_m2c: [-11.76266024, 22.34240880, 625.73996793]
  obj_bb: [126, 127, 143, 143]
  obj_id: 30
tpl_40:
  cam_R_m2c: [-0.93312450, -0.35888545, -0.02192442, -0.35625419, 0.93108204, -0.07853805, 0.04859960, -0.06547514, -0.99666984]
  cam_t_m2c: [-11.53703880, 22.32198838, 625.71622566]
  obj_bb: [127, 127, 143, 143]
  obj_id: 30
tpl_41:
  cam_R_m2c: [-0.89925054, -0.43689579, -0.02170217, -0.43412363, 0.89743629, -0.07839177, 0.05372539, -0.06107241, -0.99668669]
  cam_t_m2c: [-11.28742941, 22.32645790, 625.73330096]
  obj_bb: [127, 127, 143, 143]
  obj_id: 30
tpl_42:
  cam_R_m2c: [-0.85725623, -0.51444000, -0.02150500, -0.51157630, 0.85572719, -0.07759252, 0.05831915, -0.05551524, -0.99675365]
  cam_t_m2c: [-11.03857792, 22.35561432, 625.64082576]
  obj_bb: [127, 127, 143, 143]
  obj_id: 30
tpl_43:
  cam_R_m2c: [-0.80936852, -0.58691148, -0.02136329, -0.58396095, 0.80810732, -0.07714831, 0.06254308, -0.04996612, -0.99679097]
  cam_t_m2c: [-10.79843548, 22.41697760, 625.59341615]
  obj_bb: [127, 127, 143, 143]
  obj_id: 30
tpl_44:
  cam_R_m2c: [-0.75456774, -0.65588400, -0.02107141, -0.65286420, 0.75356364, -0.07688356, 0.06630530, -0.04425715, -0.99681763]
  cam_t_m2c: [-10.52736600, 22.48282226, 625.55706112]
  obj_bb: [127, 127, 143, 143]
  obj_id: 30
tpl_45:
  cam_R_m2c: [-0.69491122, -0.71878787, -0.02101970, -0.71571052, 0.69417791, -0.07665132, 0.06968747, -0.03822184, -0.99683593]
  cam_t_m2c: [-10.28956983, 22.58577057, 625.51756394]
  obj_bb: [127, 127, 143, 143]
  obj_id: 30
tpl_46:
  cam_R_m2c: [-0.63014448, -0.77619609, -0.02092850, -0.77312419, 0.62969705, -0.07590138, 0.07209293, -0.03164843, -0.99689603]
  cam_t_m2c: [-10.06295199, 22.71662151, 625.47894820]
  obj_bb: [127, 127, 144, 143]
  obj_id: 30
tpl_47:
  cam_R_m2c: [-0.55932651, -0.82868588, -0.02080150, -0.82562018, 0.55915273, -0.07549787, 0.07419530, -0.02505385, -0.99692862]
  cam_t_m2c: [-9.82194852, 22.88088239, 625.44042353]
  obj_bb: [127, 127, 143, 143]
  obj_id: 30
tpl_48:
  cam_R_m2c: [-0.48568931, -0.87387927, -0.02099257, -0.87084713, 0.48580400, -0.07495770, 0.07570227, -0.01812476, -0.99696548]
  cam_t_m2c: [-9.65407453, 23.06445938, 625.37595539]
  obj_bb: [127, 127, 143, 143]
  obj_id: 30
tpl_49:
  cam_R_m2c: [-0.40693007, -0.91320931, -0.02137440, -0.91021884, 0.40734379, -0.07464944, 0.07687734, -0.01092166, -0.99698102]
  cam_t_m2c: [-9.52134663, 23.24857067, 625.37389256]
  obj_bb: [127, 128, 143, 143]
  obj_id: 30
tpl_50:
  cam_R_m2c: [-0.32806487, -0.94440398, -0.02178035, -0.94148813, 0.32876395, -0.07425580, 0.07728810, -0.00385474, -0.99700111]
  cam_t_m2c: [-9.40414714, 23.44304396, 625.34938482]
  obj_bb: [126, 127, 144, 143]
  obj_id: 30
tpl_51:
  cam_R_m2c: [-0.24522688, -0.96921013, -0.02225135, -0.96635672, 0.24621263, -0.07438513, 0.07757344, 0.00326147, -0.99698103]
  cam_t_m2c: [-9.30553960, 23.63275863, 625.38762734]
  obj_bb: [127, 127, 143, 143]
  obj_id: 30
tpl_52:
  cam_R_m2c: [-0.16074397, -0.98673916, -0.02252126, -0.98402059, 0.16198894, -0.07391432, 0.07658230, 0.01028001, -0.99701066]
  cam_t_m2c: [-9.20349182, 23.85246014, 625.31607243]
  obj_bb: [127, 128, 143, 143]
  obj_id: 30
tpl_53:
  cam_R_m2c: [-0.07330168, -0.99706028, -0.02229011, -0.99446310, 0.07476175, -0.07385340, 0.07530282, 0.01675311, -0.99702029]
  cam_t_m2c: [-9.03378342, 24.06672017, 625.32446008]
  obj_bb: [127, 127, 143, 143]
  obj_id: 30
tpl_54:
  cam_R_m2c: [0.01292476, -0.99964368, -0.02335403, -0.99722568, -0.01117422, -0.07359382, 0.07330669, 0.02424042, -0.99701460]
  cam_t_m2c: [-9.09014056, 24.29931205, 625.27695938]
  obj_bb: [127, 127, 143, 144]
  obj_id: 30
tpl_55:
  cam_R_m2c: [0.10082243, -0.99463518, -0.02312720, -0.99237779, -0.09888384, -0.07353670, 0.07085532, 0.03036504, -0.99702389]
  cam_t_m2c: [-8.94318569, 24.50539497, 625.24458467]
  obj_bb: [127, 127, 143, 143]
  obj_id: 30
tpl_56:
  cam_R_m2c: [0.18623982, -0.98221271, -0.02393538, -0.98017725, -0.18406734, -0.07329129, 0.06758196, 0.03711066, -0.99702331]
  cam_t_m2c: [-8.98730244, 24.71821921, 625.16266873]
  obj_bb: [126, 127, 143, 143]
  obj_id: 30
tpl_57:
  cam_R_m2c: [0.27196459, -0.96201084, -0.02388741, -0.96016621, -0.26962132, -0.07338825, 0.06415981, 0.04289484, -0.99701762]
  cam_t_m2c: [-8.90510834, 24.94058317, 625.13932924]
  obj_bb: [126, 128, 144, 143]
  obj_id: 30
tpl_58:
  cam_R_m2c: [0.35404759, -0.93491136, -0.02431437, -0.93330767, -0.35153664, -0.07320124, 0.05988921, 0.04860952, -0.99702039]
  cam_t_m2c: [-8.93774205, 25.15334909, 625.08814467]
  obj_bb: [126, 127, 143, 143]
  obj_id: 30
tpl_59:
  cam_R_m2c: [0.43496502, -0.90011226, -0.02457077, -0.89874526, -0.43230338, -0.07328609, 0.05534364, 0.05395970, -0.99700836]
  cam_t_m2c: [-8.94745699, 25.38690938, 625.07846073]
  obj_bb: [126, 127, 143, 144]
  obj_id: 30
tpl_60:
  cam_R_m2c: [0.51121885, -0.85909805, -0.02463291, -0.85796815, -0.50844313, -0.07332558, 0.05046941, 0.05861961, -0.99700413]
  cam_t_m2c: [-8.95849001, 25.60256997, 625.06114012]
  obj_bb: [126, 128, 143, 143]
  obj_id: 30
tpl_61:
  cam_R_m2c: [0.58374043, -0.81156501, -0.02467938, -0.81067751, -0.58086864, -0.07344428, 0.04526930, 0.06287945, -0.99699399]
  cam_t_m2c: [-8.96905688, 25.82629567, 625.05203772]
  obj_bb: [126, 127, 143, 143]
  obj_id: 30
tpl_62:
  cam_R_m2c: [0.65194275, -0.75786601, -0.02467315, -0.75722807, -0.64900066, -0.07351042, 0.03969812, 0.06660781, -0.99698872]
  cam_t_m2c: [-9.00221110, 26.03970772, 625.01800406]
  obj_bb: [126, 127, 143, 144]
  obj_id: 30
tpl_63:
  cam_R_m2c: [0.71625573, -0.69739594, -0.02482301, -0.69702272, -0.71324862, -0.07372215, 0.03370855, 0.07010612, -0.99696951]
  cam_t_m2c: [-9.07516713, 26.26586226, 625.00090951]
  obj_bb: [127, 127, 143, 143]
  obj_id: 30
tpl_64:
  cam_R_m2c: [0.77412804, -0.63254434, -0.02477178, -0.63242616, -0.77109058, -0.07385916, 0.02761790, 0.07284278, -0.99696145]
  cam_t_m2c: [-9.12777724, 26.49265659, 625.00668338]
  obj_bb: [127, 127, 143, 143]
  obj_id: 30
tpl_65:
  cam_R_m2c: [0.82536042, -0.56405388, -0.02496695, -0.56420954, -0.82231975, -0.07387730, 0.02113992, 0.07506209, -0.99695525]
  cam_t_m2c: [-9.24482098, 26.70214012, 624.99754932]
  obj_bb: [127, 128, 143, 143]
  obj_id: 30
tpl_66:
  cam_R_m2c: [0.87193105, -0.48898349, -0.02514759, -0.48941743, -0.86889432, -0.07411543, 0.01439061, 0.07693117, -0.99693226]
  cam_t_m2c: [-9.37534654, 26.90016974, 625.01995155]
  obj_bb: [126, 127, 144, 143]
  obj_id: 30
tpl_67:
  cam_R_m2c: [0.91110235, -0.41140440, -0.02529161, -0.41210911, -0.90807677, -0.07458358, 0.00771728, 0.07837608, -0.99689402]
  cam_t_m2c: [-9.52518882, 27.07698854, 625.05969432]
  obj_bb: [126, 127, 143, 144]
  obj_id: 30
tpl_68:
  cam_R_m2c: [0.94380761, -0.32948708, -0.02580705, -0.33049616, -0.94083732, -0.07481507, 0.00037039, 0.07914004, -0.99686300]
  cam_t_m2c: [-9.75408845, 27.25016162, 625.10109237]
  obj_bb: [127, 128, 143, 143]
  obj_id: 30
tpl_69:
  cam_R_m2c: [0.96882981, -0.24637723, -0.02584079, -0.24764789, -0.96589783, -0.07557516, -0.00633959, 0.07961886, -0.99680483]
  cam_t_m2c: [-9.91735174, 27.39898891, 625.19305430]
  obj_bb: [126, 127, 144, 143]
  obj_id: 30
tpl_70:
  cam_R_m2c: [0.98675812, -0.16010646, -0.02598470, -0.16164102, -0.98395292, -0.07556243, -0.01346969, 0.07876204, -0.99680272]
  cam_t_m2c: [-10.12629501, 27.55170056, 625.23704358]
  obj_bb: [126, 127, 143, 143]
  obj_id: 30
tpl_71:
  cam_R_m2c: [0.99692066, -0.07408806, -0.02569765, -0.07583160, -0.99427574, -0.07526824, -0.01997411, 0.07698509, -0.99683186]
  cam_t_m2c: [-10.27693969, 27.69718442, 625.23412945]
  obj_bb: [127, 127, 143, 144]
  obj_id: 30
tpl_72:
  cam_R_m2c: [0.99947007, -0.02230339, -0.02371532, -0.02756328, -0.96737096, -0.25186027, -0.01732425, 0.25238068, -0.96747277]
  cam_t_m2c: [-10.22080070, 20.76896899, 623.24134146]
  obj_bb: [126, 123, 143, 145]
  obj_id: 30
tpl_73:
  cam_R_m2c: [0.99765267, 0.06405041, -0.02423866, 0.05594682, -0.96638769, -0.25092562, -0.03949589, 0.24898078, -0.96770235]
  cam_t_m2c: [-10.52424130, 20.86934225, 623.35276961]
  obj_bb: [126, 123, 144, 145]
  obj_id: 30
tpl_74:
  cam_R_m2c: [0.98813961, 0.15158379, -0.02455724, 0.14070665, -0.95782454, -0.25054797, -0.06150053, 0.24412050, -0.96779290]
  cam_t_m2c: [-10.78650910, 20.95854114, 623.30498116]
  obj_bb: [126, 123, 143, 145]
  obj_id: 30
tpl_75:
  cam_R_m2c: [0.97134106, 0.23640956, -0.02462878, 0.22294919, -0.94212236, -0.25039641, -0.08239930, 0.23772856, -0.96782997]
  cam_t_m2c: [-11.02926674, 21.00707387, 623.34269459]
  obj_bb: [126, 123, 144, 145]
  obj_id: 30
tpl_76:
  cam_R_m2c: [0.94676463, 0.32096606, -0.02482902, 0.30493840, -0.91885785, -0.25042425, -0.10319162, 0.22952167, -0.96781759]
  cam_t_m2c: [-11.28799881, 21.02199087, 623.33926413]
  obj_bb: [126, 123, 143, 146]
  obj_id: 30
tpl_77:
  cam_R_m2c: [0.91541411, 0.40174061, -0.02492263, 0.38334194, -0.88902372, -0.25036981, -0.12274067, 0.21963784, -0.96782985]
  cam_t_m2c: [-11.51235927, 21.05350077, 623.31674816]
  obj_bb: [126, 123, 144, 146]
  obj_id: 30
tpl_78:
  cam_R_m2c: [0.87645908, 0.48081425, -0.02523175, 0.46014645, -0.85190710, -0.25003919, -0.14171713, 0.20753888, -0.96790710]
  cam_t_m2c: [-11.80281515, 21.00397983, 623.26364469]
  obj_bb: [126, 123, 143, 146]
  obj_id: 30
tpl_79:
  cam_R_m2c: [0.83233509, 0.55369292, -0.02536233, 0.53095500, -0.80961545, -0.25022086, -0.15907889, 0.19480091, -0.96785657]
  cam_t_m2c: [-12.04097401, 20.97530387, 623.25449822]
  obj_bb: [126, 123, 144, 146]
  obj_id: 30
tpl_80:
  cam_R_m2c: [0.78115896, 0.62381611, -0.02538282, 0.59915128, -0.76046275, -0.25042622, -0.17552299, 0.18041488, -0.96780313]
  cam_t_m2c: [-12.25169653, 20.90239652, 623.21829802]
  obj_bb: [126, 122, 144, 147]
  obj_id: 30
tpl_81:
  cam_R_m2c: [0.72309026, 0.69027910, -0.02561359, 0.66379845, -0.70465188, -0.25067344, -0.19108349, 0.16425709, -0.96773262]
  cam_t_m2c: [-12.52356246, 20.81120748, 623.23158520]
  obj_bb: [126, 122, 143, 147]
  obj_id: 30
tpl_82:
  cam_R_m2c: [0.65823097, 0.75238654, -0.02544518, 0.72429158, -0.64214367, -0.25110353, -0.20526573, 0.14685426, -0.96762538]
  cam_t_m2c: [-12.70156502, 20.71737641, 623.19295686]
  obj_bb: [126, 123, 144, 146]
  obj_id: 30
tpl_83:
  cam_R_m2c: [0.59166645, 0.80578345, -0.02536265, 0.77627085, -0.57792236, -0.25181144, -0.21756309, 0.12930005, -0.96744425]
  cam_t_m2c: [-12.90002998, 20.59829989, 623.21648452]
  obj_bb: [126, 123, 143, 146]
  obj_id: 30
tpl_84:
  cam_R_m2c: [0.51186006, 0.85869481, -0.02533998, 0.82782060, -0.50090989, -0.25259215, -0.22959234, 0.10831538, -0.96724149]
  cam_t_m2c: [-13.11900204, 20.44928422, 623.25436671]
  obj_bb: [126, 123, 143, 146]
  obj_id: 30
tpl_85:
  cam_R_m2c: [0.44320943, 0.89606024, -0.02533026, 0.86444489, -0.43470981, -0.25251029, -0.23727536, 0.09001819, -0.96726268]
  cam_t_m2c: [-13.31519195, 20.32839851, 623.19217894]
  obj_bb: [126, 122, 144, 147]
  obj_id: 30
tpl_86:
  cam_R_m2c: [0.36366993, 0.93118563, -0.02526119, 0.89867200, -0.35785252, -0.25363390, -0.24521989, 0.06953769, -0.96697044]
  cam_t_m2c: [-13.49103139, 20.17268267, 623.28596638]
  obj_bb: [126, 122, 143, 147]
  obj_id: 30
tpl_87:
  cam_R_m2c: [0.27865063, 0.96006158, -0.02521710, 0.92702782, -0.27573823, -0.25414210, -0.25094473, 0.04743981, -0.96683859]
  cam_t_m2c: [-13.68116843, 19.99100548, 623.34485681]
  obj_bb: [126, 123, 143, 146]
  obj_id: 30
tpl_88:
  cam_R_m2c: [0.19543570, 0.98040485, -0.02473312, 0.94729835, -0.19524384, -0.25397885, -0.25383123, 0.02620702, -0.96689342]
  cam_t_m2c: [-13.78304013, 19.81541425, 623.41390352]
  obj_bb: [126, 123, 144, 145]
  obj_id: 30
tpl_89:
  cam_R_m2c: [0.10820255, 0.99382772, -0.02446204, 0.96099427, -0.11086453, -0.25337573, -0.25452413, 0.00390805, -0.96705809]
  cam_t_m2c: [-13.91562733, 19.61001263, 623.41338118]
  obj_bb: [126, 122, 144, 145]
  obj_id: 30
tpl_90:
  cam_R_m2c: [0.02179991, 0.99947942, -0.02379108, 0.96698023, -0.02712296, -0.25340370, -0.25391778, -0.01748126, -0.96706782]
  cam_t_m2c: [-13.95231759, 19.43822823, 623.36110478]
  obj_bb: [126, 123, 144, 145]
  obj_id: 30
tpl_91:
  cam_R_m2c: [-0.06656967, 0.99748694, -0.02425221, 0.96557523, 0.05827638, -0.25351039, -0.25145968, -0.04029335, -0.96702847]
  cam_t_m2c: [-14.15840011, 19.17523673, 623.56754264]
  obj_bb: [126, 122, 143, 146]
  obj_id: 30
tpl_92:
  cam_R_m2c: [-0.15432895, 0.98772850, -0.02399109, 0.95679422, 0.14335126, -0.25297202, -0.24642812, -0.06199552, -0.96717658]
  cam_t_m2c: [-14.21864581, 18.95341832, 623.56112934]
  obj_bb: [126, 123, 143, 145]
  obj_id: 30
tpl_93:
  cam_R_m2c: [-0.23761855, 0.97106363, -0.02391917, 0.94113569, 0.22405987, -0.25310281, -0.24042010, -0.08265301, -0.96714332]
  cam_t_m2c: [-14.27958063, 18.70303875, 623.64677722]
  obj_bb: [127, 123, 143, 145]
  obj_id: 30
tpl_94:
  cam_R_m2c: [-0.32081493, 0.94684373, -0.02376548, 0.91813539, 0.30473046, -0.25331087, -0.23260401, -0.10308634, -0.96709239]
  cam_t_m2c: [-14.31350657, 18.46336434, 623.72320890]
  obj_bb: [126, 122, 144, 146]
  obj_id: 30
tpl_95:
  cam_R_m2c: [-0.40052329, 0.91598006, -0.02369323, 0.88883015, 0.38210948, -0.25292805, -0.22262402, -0.12236325, -0.96719525]
  cam_t_m2c: [-14.32806848, 18.20345512, 623.74778448]
  obj_bb: [126, 123, 144, 146]
  obj_id: 30
tpl_96:
  cam_R_m2c: [-0.48131614, 0.87623057, -0.02355948, 0.85082724, 0.46056107, -0.25293415, -0.21077805, -0.14178636, -0.96719620]
  cam_t_m2c: [-14.31557882, 17.93725073, 623.82823306]
  obj_bb: [126, 122, 144, 147]
  obj_id: 30
tpl_97:
  cam_R_m2c: [-0.55562339, 0.83110740, -0.02329599, 0.80757405, 0.53280228, -0.25287657, -0.19775556, -0.15931767, -0.96721789]
  cam_t_m2c: [-14.23821443, 17.68416918, 623.88210091]
  obj_bb: [127, 123, 143, 146]
  obj_id: 30
tpl_98:
  cam_R_m2c: [-0.62700533, 0.77867442, -0.02303957, 0.75719478, 0.60222645, -0.25294211, -0.18308490, -0.17604131, -0.96720717]
  cam_t_m2c: [-14.15060291, 17.43291708, 623.92977031]
  obj_bb: [127, 122, 143, 147]
  obj_id: 30
tpl_99:
  cam_R_m2c: [-0.69224520, 0.72130163, -0.02282000, 0.70199134, 0.66570643, -0.25306894, -0.16734755, -0.19120517, -0.96717870]
  cam_t_m2c: [-14.04675508, 17.17936753, 624.00528597]
  obj_bb: [126, 123, 143, 146]
  obj_id: 30
tpl_100:
  cam_R_m2c: [-0.75432808, 0.65611005, -0.02254614, 0.63913300, 0.72609674, -0.25355874, -0.14999195, -0.20567705, -0.96705666]
  cam_t_m2c: [-13.90798797, 16.95650933, 624.05942100]
  obj_bb: [126, 123, 144, 146]
  obj_id: 30
tpl_101:
  cam_R_m2c: [-0.80657939, 0.59070669, -0.02225240, 0.57603074, 0.77697088, -0.25397752, -0.13273675, -0.21767097, -0.96695367]
  cam_t_m2c: [-13.75353464, 16.75452788, 624.11334095]
  obj_bb: [127, 122, 143, 147]
  obj_id: 30
tpl_102:
  cam_R_m2c: [-0.85561078, 0.51715189, -0.02200246, 0.50502978, 0.82472672, -0.25450182, -0.11347046, -0.22886637, -0.96682189]
  cam_t_m2c: [-13.58100876, 16.54291803, 624.21872444]
  obj_bb: [127, 123, 143, 146]
  obj_id: 30
tpl_103:
  cam_R_m2c: [-0.89791884, 0.43961816, -0.02187796, 0.43019298, 0.86597882, -0.25498062, -0.09314813, -0.23836394, -0.96669847]
  cam_t_m2c: [-13.41261336, 16.36666645, 624.27796956]
  obj_bb: [126, 123, 144, 146]
  obj_id: 30
tpl_104:
  cam_R_m2c: [-0.93325326, 0.35856250, -0.02169165, 0.35189205, 0.90041759, -0.25577427, -0.07217961, -0.24633601, -0.96649354]
  cam_t_m2c: [-13.21605096, 16.18205818, 624.40800136]
  obj_bb: [127, 122, 143, 147]
  obj_id: 30
tpl_105:
  cam_R_m2c: [-0.96165843, 0.27339714, -0.02160391, 0.26967881, 0.92837201, -0.25573230, -0.04986023, -0.25175396, -0.96650626]
  cam_t_m2c: [-13.04471659, 16.03598639, 624.48223479]
  obj_bb: [127, 123, 143, 146]
  obj_id: 30
tpl_106:
  cam_R_m2c: [-0.98086282, 0.19356517, -0.02100900, 0.19244567, 0.94745680, -0.25551793, -0.02955431, -0.25467131, -0.96657575]
  cam_t_m2c: [-12.79396150, 15.95019973, 624.55825987]
  obj_bb: [126, 123, 144, 145]
  obj_id: 30
tpl_107:
  cam_R_m2c: [-0.99394756, 0.10788479, -0.02073220, 0.10959391, 0.96064243, -0.25525752, -0.00762211, -0.25598378, -0.96665050]
  cam_t_m2c: [-12.57537804, 15.83963523, 624.63856880]
  obj_bb: [127, 123, 143, 145]
  obj_id: 30
tpl_108:
  cam_R_m2c: [-0.99956407, 0.02156838, -0.02017824, 0.02600872, 0.96651691, -0.25528223, 0.01399653, -0.25569640, -0.96665616]
  cam_t_m2c: [-12.30929242, 15.78612670, 624.57322307]
  obj_bb: [126, 123, 144, 145]
  obj_id: 30
tpl_109:
  cam_R_m2c: [-0.99766616, -0.06513082, -0.02051453, -0.05776010, 0.96515378, -0.25523110, 0.03642301, -0.25344999, -0.96666198]
  cam_t_m2c: [-12.16335887, 15.69792309, 624.73098057]
  obj_bb: [127, 122, 143, 145]
  obj_id: 30
tpl_110:
  cam_R_m2c: [-0.98827923, -0.15133252, -0.02005093, -0.14134058, 0.95673052, -0.25434091, 0.05767330, -0.24852643, -0.96690719]
  cam_t_m2c: [-11.88604308, 15.61900095, 624.66194155]
  obj_bb: [127, 122, 143, 145]
  obj_id: 30
tpl_111:
  cam_R_m2c: [-0.97107064, -0.23792821, -0.02028970, -0.22510746, 0.94046044, -0.25467932, 0.07967699, -0.24274411, -0.96681247]
  cam_t_m2c: [-11.70570998, 15.58937025, 624.75317162]
  obj_bb: [126, 123, 144, 146]
  obj_id: 30
tpl_112:
  cam_R_m2c: [-0.94682932, -0.32110480, -0.02016593, -0.30572217, 0.91745903, -0.25456309, 0.10024262, -0.23486327, -0.96684616]
  cam_t_m2c: [-11.48151223, 15.55650799, 624.74814602]
  obj_bb: [127, 123, 143, 146]
  obj_id: 30
tpl_113:
  cam_R_m2c: [-0.91480126, -0.40339945, -0.02020272, -0.38550218, 0.88695412, -0.25436254, 0.12052825, -0.22490292, -0.96689825]
  cam_t_m2c: [-11.27074878, 15.54615186, 624.72727719]
  obj_bb: [127, 123, 143, 147]
  obj_id: 30
tpl_114:
  cam_R_m2c: [-0.87640516, -0.48115240, -0.02014833, -0.46104084, 0.85038854, -0.25353485, 0.13912327, -0.21290990, -0.96711625]
  cam_t_m2c: [-11.04605542, 15.54039219, 624.66073024]
  obj_bb: [127, 123, 143, 147]
  obj_id: 30
tpl_115:
  cam_R_m2c: [-0.83054059, -0.55659640, -0.02007624, -0.53434632, 0.80646980, -0.25314039, 0.15708769, -0.19951522, -0.96722142]
  cam_t_m2c: [-10.80605734, 15.57400469, 624.60743131]
  obj_bb: [127, 123, 143, 147]
  obj_id: 30
tpl_116:
  cam_R_m2c: [-0.77732111, -0.62879131, -0.01984771, -0.60460394, 0.75539629, -0.25264673, 0.17385514, -0.18438706, -0.96735508]
  cam_t_m2c: [-10.53896265, 15.62233533, 624.54375992]
  obj_bb: [126, 123, 144, 147]
  obj_id: 30
tpl_117:
  cam_R_m2c: [-0.72193675, -0.69167300, -0.01990063, -0.66582461, 0.70221185, -0.25214281, 0.18837468, -0.16878026, -0.96748529]
  cam_t_m2c: [-10.34834316, 15.68010068, 624.50470651]
  obj_bb: [127, 122, 143, 147]
  obj_id: 30
tpl_118:
  cam_R_m2c: [-0.65928331, -0.75163485, -0.01977297, -0.72425874, 0.64189565, -0.25183226, 0.20197806, -0.15170737, -0.96756924]
  cam_t_m2c: [-10.09936747, 15.78461953, 624.43338164]
  obj_bb: [127, 123, 144, 146]
  obj_id: 30
tpl_119:
  cam_R_m2c: [-0.59166046, -0.80594588, -0.01970300, -0.77725772, 0.57674790, -0.25146175, 0.21402756, -0.13346589, -0.96766656]
  cam_t_m2c: [-9.86574338, 15.91457236, 624.35638871]
  obj_bb: [127, 123, 143, 146]
  obj_id: 30
tpl_120:
  cam_R_m2c: [-0.51838297, -0.85492112, -0.01971473, -0.82506904, 0.50607649, -0.25129423, 0.22481378, -0.11400029, -0.96770979]
  cam_t_m2c: [-9.65669039, 16.05512693, 624.28906436]
  obj_bb: [127, 123, 143, 146]
  obj_id: 30
tpl_121:
  cam_R_m2c: [-0.44106546, -0.89725740, -0.01977675, -0.86649027, 0.43147424, -0.25104721, 0.23378712, -0.09359176, -0.96777274]
  cam_t_m2c: [-9.46483230, 16.22617526, 624.19277636]
  obj_bb: [127, 123, 144, 147]
  obj_id: 30
tpl_122:
  cam_R_m2c: [-0.36177274, -0.93204601, -0.02025580, -0.90057062, 0.35500780, -0.25088121, 0.24102423, -0.07252032, -0.96780629]
  cam_t_m2c: [-9.35467134, 16.41294136, 624.14853012]
  obj_bb: [126, 123, 144, 146]
  obj_id: 30
tpl_123:
  cam_R_m2c: [-0.28108642, -0.95946039, -0.02062762, -0.92756191, 0.27712951, -0.25065620, 0.24621133, -0.05132261, -0.96785640]
  cam_t_m2c: [-9.24410357, 16.58991221, 624.09939927]
  obj_bb: [127, 123, 143, 146]
  obj_id: 30
tpl_124:
  cam_R_m2c: [-0.19562791, -0.98046659, -0.02037518, -0.94852013, 0.19444879, -0.25000028, 0.24907888, -0.02958075, -0.96803100]
  cam_t_m2c: [-9.05775633, 16.81201695, 624.01012817]
  obj_bb: [127, 123, 143, 145]
  obj_id: 30
tpl_125:
  cam_R_m2c: [-0.11017140, -0.99369891, -0.02060236, -0.96191972, 0.11181906, -0.24941249, 0.25014495, -0.00766043, -0.96817863]
  cam_t_m2c: [-8.95890881, 17.03826867, 623.98157574]
  obj_bb: [127, 123, 144, 145]
  obj_id: 30
tpl_126:
  cam_R_m2c: [-0.02212033, -0.99953381, -0.02106510, -0.96792458, 0.02668570, -0.24981823, 0.25026371, 0.01486339, -0.96806418]
  cam_t_m2c: [-8.88461233, 17.28069522, 623.87414274]
  obj_bb: [126, 123, 144, 145]
  obj_id: 30
tpl_127:
  cam_R_m2c: [0.06403746, -0.99771970, -0.02132578, -0.96683810, -0.05673284, -0.24900978, 0.24723162, 0.03656450, -0.96826653]
  cam_t_m2c: [-8.84404749, 17.49910355, 623.86009040]
  obj_bb: [126, 123, 144, 145]
  obj_id: 30
tpl_128:
  cam_R_m2c: [0.15156315, -0.98821223, -0.02158067, -0.95815333, -0.14151901, -0.24882724, 0.24284084, 0.05839061, -0.96830764]
  cam_t_m2c: [-8.79075605, 17.74218234, 623.74842739]
  obj_bb: [126, 123, 144, 145]
  obj_id: 30
tpl_129:
  cam_R_m2c: [0.23645058, -0.97139459, -0.02198130, -0.94238017, -0.22376068, -0.24869826, 0.23666594, 0.07951958, -0.96833204]
  cam_t_m2c: [-8.77359514, 17.94602452, 623.70182521]
  obj_bb: [126, 123, 144, 145]
  obj_id: 30
tpl_130:
  cam_R_m2c: [0.31947965, -0.94733618, -0.02207435, -0.91946641, -0.30427897, -0.24899019, 0.22916114, 0.09984451, -0.96825441]
  cam_t_m2c: [-8.72586441, 18.15429593, 623.64573788]
  obj_bb: [126, 123, 144, 146]
  obj_id: 30
tpl_131:
  cam_R_m2c: [0.40027745, -0.91611638, -0.02256251, -0.88974179, -0.38262326, -0.24891686, 0.21940310, 0.11971040, -0.96826247]
  cam_t_m2c: [-8.77676795, 18.37136645, 623.58352250]
  obj_bb: [126, 123, 144, 146]
  obj_id: 30
tpl_132:
  cam_R_m2c: [0.47947022, -0.87726108, -0.02281569, -0.85253734, -0.45947802, -0.24911882, 0.20805918, 0.13889617, -0.96820417]
  cam_t_m2c: [-8.78267909, 18.59746092, 623.52309883]
  obj_bb: [126, 123, 144, 147]
  obj_id: 30
tpl_133:
  cam_R_m2c: [0.55366322, -0.83242479, -0.02293372, -0.80950890, -0.53155237, -0.24929417, 0.19532816, 0.15658997, -0.96815613]
  cam_t_m2c: [-8.79298712, 18.79226445, 623.47625365]
  obj_bb: [126, 123, 144, 146]
  obj_id: 30
tpl_134:
  cam_R_m2c: [0.62489809, -0.78036544, -0.02307645, -0.75950646, -0.60082134, -0.24932812, 0.18070270, 0.17333124, -0.96814395]
  cam_t_m2c: [-8.83701961, 19.01344668, 623.40927032]
  obj_bb: [126, 123, 144, 147]
  obj_id: 30
tpl_135:
  cam_R_m2c: [0.68902193, -0.72436696, -0.02329034, -0.70559488, -0.66313453, -0.24977611, 0.16548498, 0.18853471, -0.96802335]
  cam_t_m2c: [-8.91431151, 19.20444110, 623.36681789]
  obj_bb: [126, 123, 144, 146]
  obj_id: 30
tpl_136:
  cam_R_m2c: [0.75017381, -0.66083106, -0.02328369, -0.64435752, -0.72266044, -0.25013029, 0.14846758, 0.20264381, -0.96793265]
  cam_t_m2c: [-8.97403064, 19.41096908, 623.31984140]
  obj_bb: [126, 123, 144, 146]
  obj_id: 30
tpl_137:
  cam_R_m2c: [0.80458646, -0.59337430, -0.02338043, -0.57930603, -0.77563746, -0.25058298, 0.13055430, 0.21515969, -0.96781297]
  cam_t_m2c: [-9.06539349, 19.59986554, 623.27070532]
  obj_bb: [127, 123, 143, 147]
  obj_id: 30
tpl_138:
  cam_R_m2c: [0.85293365, -0.52149535, -0.02336437, -0.50990331, -0.82271644, -0.25126952, 0.11181347, 0.22622980, -0.96763454]
  cam_t_m2c: [-9.17052486, 19.78941596, 623.26509484]
  obj_bb: [127, 123, 143, 146]
  obj_id: 30
tpl_139:
  cam_R_m2c: [0.89555331, -0.44432747, -0.02361968, -0.43548311, -0.86435855, -0.25147366, 0.09132061, 0.23549401, -0.96757646]
  cam_t_m2c: [-9.32968968, 19.98207588, 623.23887787]
  obj_bb: [126, 123, 144, 146]
  obj_id: 30
tpl_140:
  cam_R_m2c: [0.93065263, -0.36513773, -0.02369030, -0.35897221, -0.89856031, -0.25244413, 0.07088969, 0.24344181, -0.96732129]
  cam_t_m2c: [-9.47489571, 20.13102391, 623.27855290]
  obj_bb: [126, 123, 144, 146]
  obj_id: 30
tpl_141:
  cam_R_m2c: [0.95872926, -0.28330287, -0.02404897, -0.28002030, -0.92618231, -0.25253676, 0.04927088, 0.24884867, -0.96728778]
  cam_t_m2c: [-9.69175688, 20.31382319, 623.32834388]
  obj_bb: [127, 123, 143, 146]
  obj_id: 30
tpl_142:
  cam_R_m2c: [0.97963505, -0.19938072, -0.02369451, -0.19883829, -0.94697828, -0.25237941, 0.02788152, 0.25195136, -0.96733858]
  cam_t_m2c: [-9.81513486, 20.49405458, 623.34647745]
  obj_bb: [126, 123, 144, 145]
  obj_id: 30
tpl_143:
  cam_R_m2c: [0.99319872, -0.11398681, -0.02372848, -0.11628363, -0.96089214, -0.25132665, 0.00584738, 0.25237638, -0.96761185]
  cam_t_m2c: [-10.01853806, 20.63417861, 623.30206607]
  obj_bb: [126, 123, 144, 145]
  obj_id: 30
tpl_144:
  cam_R_m2c: [0.99939233, 0.02598681, -0.02321899, 0.01388463, -0.90803844, -0.41865686, -0.03196327, 0.41808052, -0.90784696]
  cam_t_m2c: [-10.58018639, 13.52024130, 622.74994580]
  obj_bb: [126, 121, 144, 148]
  obj_id: 30
tpl_145:
  cam_R_m2c: [0.99339310, 0.11238968, -0.02321343, 0.09241340, -0.90333860, -0.41885495, -0.06804466, 0.41394225, -0.90775681]
  cam_t_m2c: [-10.78445208, 13.57204410, 622.71491798]
  obj_bb: [126, 121, 143, 150]
  obj_id: 30
tpl_146:
  cam_R_m2c: [0.97964053, 0.19939387, -0.02337081, 0.17154326, -0.89186325, -0.41851319, -0.10429260, 0.40598407, -0.90790992]
  cam_t_m2c: [-11.05055337, 13.63064350, 622.75182722]
  obj_bb: [126, 122, 144, 150]
  obj_id: 30
tpl_147:
  cam_R_m2c: [0.95918934, 0.28181567, -0.02316326, 0.24665121, -0.87392916, -0.41882131, -0.13827371, 0.39601529, -0.90777314]
  cam_t_m2c: [-11.25182695, 13.64345453, 622.73394088]
  obj_bb: [126, 122, 143, 151]
  obj_id: 30
tpl_148:
  cam_R_m2c: [0.93060299, 0.36527601, -0.02347907, 0.32265678, -0.84893012, -0.41858036, -0.17282894, 0.38195615, -0.90787667]
  cam_t_m2c: [-11.52795092, 13.66119781, 622.69372629]
  obj_bb: [126, 122, 144, 152]
  obj_id: 30
tpl_149:
  cam_R_m2c: [0.89477542, 0.44588041, -0.02379718, 0.39619556, -0.81739020, -0.41821405, -0.20592542, 0.36477911, -0.90803690]
  cam_t_m2c: [-11.80851230, 13.62915663, 622.66160273]
  obj_bb: [126, 122, 143, 152]
  obj_id: 30
tpl_150:
  cam_R_m2c: [0.85364214, 0.52031107, -0.02389754, 0.46424141, -0.78085232, -0.41803175, -0.23616677, 0.34575516, -0.90811841]
  cam_t_m2c: [-12.04252492, 13.61237503, 622.63282855]
  obj_bb: [126, 122, 144, 152]
  obj_id: 30
tpl_151:
  cam_R_m2c: [0.80443808, 0.59354907, -0.02403416, 0.53127334, -0.73695737, -0.41790134, -0.26575706, 0.32340742, -0.90817405]
  cam_t_m2c: [-12.28471626, 13.57427068, 622.62611671]
  obj_bb: [126, 121, 144, 153]
  obj_id: 30
tpl_152:
  cam_R_m2c: [0.74993969, 0.66106097, -0.02425415, 0.59306261, -0.68813671, -0.41802431, -0.29303006, 0.29910950, -0.90811193]
  cam_t_m2c: [-12.54576705, 13.50937621, 622.61490381]
  obj_bb: [126, 121, 143, 153]
  obj_id: 30
tpl_153:
  cam_R_m2c: [0.69100804, 0.72244053, -0.02422583, 0.64934402, -0.63511898, -0.41830255, -0.31758487, 0.27331986, -0.90798517]
  cam_t_m2c: [-12.74602103, 13.42874629, 622.61173161]
  obj_bb: [126, 121, 144, 153]
  obj_id: 30
tpl_154:
  cam_R_m2c: [0.62339000, 0.78153475, -0.02425263, 0.70355921, -0.57418503, -0.41870735, -0.34115974, 0.24395459, -0.90779787]
  cam_t_m2c: [-12.96625121, 13.33068414, 622.61169849]
  obj_bb: [126, 121, 143, 153]
  obj_id: 30
tpl_155:
  cam_R_m2c: [0.55333698, 0.83260596, -0.02420816, 0.75050209, -0.51095856, -0.41912765, -0.36133678, 0.21375065, -0.90760469]
  cam_t_m2c: [-13.15439566, 13.24243433, 622.60131239]
  obj_bb: [126, 121, 144, 152]
  obj_id: 30
tpl_156:
  cam_R_m2c: [0.47909498, 0.87742635, -0.02431871, 0.79183976, -0.44398587, -0.41936363, -0.37875833, 0.18165852, -0.90749258]
  cam_t_m2c: [-13.36653824, 13.09733656, 622.60178387]
  obj_bb: [126, 122, 144, 152]
  obj_id: 30
tpl_157:
  cam_R_m2c: [0.40129029, 0.91562867, -0.02431332, 0.82701108, -0.37360669, -0.42008303, -0.39372399, 0.14846813, -0.90715972]
  cam_t_m2c: [-13.55903262, 12.95552682, 622.63730696]
  obj_bb: [126, 121, 143, 153]
  obj_id: 30
tpl_158:
  cam_R_m2c: [0.31891269, 0.94746953, -0.02442937, 0.85659932, -0.29916527, -0.42040043, -0.40562545, 0.11314475, -0.90700923]
  cam_t_m2c: [-13.75429569, 12.80308462, 622.70399821]
  obj_bb: [126, 121, 144, 152]
  obj_id: 30
tpl_159:
  cam_R_m2c: [0.23731214, 0.97114199, -0.02379309, 0.87891851, -0.22507927, -0.42052594, -0.41374568, 0.07888371, -0.90696825]
  cam_t_m2c: [-13.84972997, 12.63711969, 622.82452916]
  obj_bb: [126, 121, 144, 151]
  obj_id: 30
tpl_160:
  cam_R_m2c: [0.15087483, 0.98827513, -0.02344454, 0.89537453, -0.14666678, -0.42046821, -0.41897592, 0.04244651, -0.90700430]
  cam_t_m2c: [-13.99619130, 12.45839732, 622.96282509]
  obj_bb: [126, 122, 143, 150]
  obj_id: 30
tpl_161:
  cam_R_m2c: [0.06450654, 0.99764414, -0.02334729, 0.90458591, -0.06833672, -0.42077788, -0.42138162, 0.00602331, -0.90686325]
  cam_t_m2c: [-14.10970737, 12.25843922, 623.03072229]
  obj_bb: [126, 121, 143, 149]
  obj_id: 30
tpl_162:
  cam_R_m2c: [-0.02361895, 0.99945017, -0.02327238, 0.90708791, 0.01163823, -0.42078042, -0.42027809, -0.03104852, -0.90686368]
  cam_t_m2c: [-14.26973616, 12.03242820, 623.16612765]
  obj_bb: [127, 121, 143, 147]
  obj_id: 30
tpl_163:
  cam_R_m2c: [-0.11006684, 0.99365741, -0.02304771, 0.90264143, 0.09022400, -0.42083069, -0.41608270, -0.06712340, -0.90684636]
  cam_t_m2c: [-14.32777159, 11.81778277, 623.24255154]
  obj_bb: [127, 122, 143, 149]
  obj_id: 30
tpl_164:
  cam_R_m2c: [-0.19716107, 0.98010604, -0.02277482, 0.89122204, 0.16950440, -0.42070353, -0.40847372, -0.10324364, -0.90691191]
  cam_t_m2c: [-14.40256138, 11.58382498, 623.35479504]
  obj_bb: [126, 121, 144, 151]
  obj_id: 30
tpl_165:
  cam_R_m2c: [-0.28128225, 0.95936978, -0.02213477, 0.87285651, 0.24619603, -0.42131801, -0.39874969, -0.13782957, -0.90664350]
  cam_t_m2c: [-14.37791667, 11.34006658, 623.48371311]
  obj_bb: [127, 122, 143, 151]
  obj_id: 30
tpl_166:
  cam_R_m2c: [-0.36498639, 0.93074896, -0.02217394, 0.84789701, 0.32247120, -0.42081271, -0.38452014, -0.17239226, -0.90687690]
  cam_t_m2c: [-14.40487640, 11.10371163, 623.53512816]
  obj_bb: [126, 121, 144, 153]
  obj_id: 30
tpl_167:
  cam_R_m2c: [-0.44423971, 0.89563721, -0.02204524, 0.81679495, 0.39477844, -0.42070920, -0.36810027, -0.20490182, -0.90692695]
  cam_t_m2c: [-14.41776893, 10.84708015, 623.68632095]
  obj_bb: [126, 121, 144, 152]
  obj_id: 30
tpl_168:
  cam_R_m2c: [-0.52051230, 0.85357632, -0.02177222, 0.77932315, 0.46450418, -0.42058334, -0.34888702, -0.23588671, -0.90699221]
  cam_t_m2c: [-14.35862141, 10.63037390, 623.79906453]
  obj_bb: [127, 122, 143, 152]
  obj_id: 30
tpl_169:
  cam_R_m2c: [-0.59398783, 0.80418570, -0.02154371, 0.73509963, 0.53169157, -0.42063351, -0.32681217, -0.26568745, -0.90697548]
  cam_t_m2c: [-14.27147630, 10.40941573, 623.88976884]
  obj_bb: [127, 121, 143, 152]
  obj_id: 30
tpl_170:
