%YAML 1.0
---
tpl_0:
  cam_R_m2c: [0.99960341, -0.00773687, -0.02708534, -0.00988808, -0.99672862, -0.08021251, -0.02637615, 0.08044848, -0.99640984]
  cam_t_m2c: [-8.55886732, 24.84585229, 621.08128570]
  obj_bb: [115, 144, 168, 111]
  obj_id: 25
tpl_1:
  cam_R_m2c: [0.99665742, 0.07715706, -0.02684898, 0.07476596, -0.99391563, -0.08087986, -0.03292603, 0.07860217, -0.99636173]
  cam_t_m2c: [-8.53005880, 25.05460887, 621.23574107]
  obj_bb: [111, 138, 172, 119]
  obj_id: 25
tpl_2:
  cam_R_m2c: [0.98600198, 0.16450844, -0.02714148, 0.16189194, -0.98354775, -0.08014903, -0.03988007, 0.07463305, -0.99641289]
  cam_t_m2c: [-8.59846037, 25.34516685, 621.11757764]
  obj_bb: [108, 133, 174, 129]
  obj_id: 25
tpl_3:
  cam_R_m2c: [0.96847189, 0.24763333, -0.02719120, 0.24479833, -0.96622540, -0.08051191, -0.04621020, 0.07131721, -0.99638233]
  cam_t_m2c: [-8.64204276, 25.61577311, 621.16891244]
  obj_bb: [105, 127, 176, 138]
  obj_id: 25
tpl_4:
  cam_R_m2c: [0.94290069, 0.33194906, -0.02734594, 0.32891016, -0.94091210, -0.08064196, -0.05249903, 0.06704300, -0.99636777]
  cam_t_m2c: [-8.72525156, 25.84359773, 621.12399466]
  obj_bb: [103, 122, 176, 147]
  obj_id: 25
tpl_5:
  cam_R_m2c: [0.91064012, 0.41231127, -0.02709907, 0.40913874, -0.90891994, -0.08044334, -0.05779852, 0.06216766, -0.99639058]
  cam_t_m2c: [-8.78440919, 26.10282252, 621.07300974]
  obj_bb: [102, 117, 174, 154]
  obj_id: 25
tpl_6:
  cam_R_m2c: [0.86459298, 0.50173100, -0.02728525, 0.49838814, -0.86320942, -0.08049269, -0.06393852, 0.05599475, -0.99638126]
  cam_t_m2c: [-8.93170644, 26.36498018, 621.02669010]
  obj_bb: [101, 113, 173, 161]
  obj_id: 25
tpl_7:
  cam_R_m2c: [0.82486801, 0.56467981, -0.02702401, 0.56125388, -0.82371709, -0.08051851, -0.06772730, 0.05124975, -0.99638636]
  cam_t_m2c: [-9.00103684, 26.53837137, 620.92599241]
  obj_bb: [102, 110, 174, 165]
  obj_id: 25
tpl_8:
  cam_R_m2c: [0.77283470, 0.63402804, -0.02711397, 0.63047212, -0.77196751, -0.08105888, -0.07232472, 0.04555054, -0.99634049]
  cam_t_m2c: [-9.17785524, 26.72614178, 620.91199352]
  obj_bb: [103, 107, 173, 169]
  obj_id: 25
tpl_9:
  cam_R_m2c: [0.71377099, 0.69986545, -0.02681361, 0.69620459, -0.71317083, -0.08177943, -0.07635723, 0.03970408, -0.99628957]
  cam_t_m2c: [-9.29142525, 26.91255722, 620.89611154]
  obj_bb: [104, 105, 172, 172]
  obj_id: 25
tpl_10:
  cam_R_m2c: [0.65034087, 0.75917646, -0.02661536, 0.75546482, -0.65003723, -0.08200843, -0.07955975, 0.03322648, -0.99627645]
  cam_t_m2c: [-9.46306311, 27.06986850, 620.84152876]
  obj_bb: [106, 104, 169, 173]
  obj_id: 25
tpl_11:
  cam_R_m2c: [0.58075322, 0.81365416, -0.02631692, 0.80988823, -0.58073688, -0.08261787, -0.08250565, 0.02666680, -0.99623422]
  cam_t_m2c: [-9.63136972, 27.23389124, 620.83873557]
  obj_bb: [109, 102, 166, 174]
  obj_id: 25
tpl_12:
  cam_R_m2c: [0.51034636, 0.85956992, -0.02618499, 0.85575317, -0.51062088, -0.08338669, -0.08504728, 0.02014818, -0.99617340]
  cam_t_m2c: [-9.85341606, 27.34580699, 620.81406541]
  obj_bb: [112, 102, 161, 173]
  obj_id: 25
tpl_13:
  cam_R_m2c: [0.43110172, 0.90193144, -0.02590090, 0.89814958, -0.43169221, -0.08348229, -0.08647649, 0.01272652, -0.99617233]
  cam_t_m2c: [-10.06224375, 27.48329274, 620.76579753]
  obj_bb: [116, 103, 155, 173]
  obj_id: 25
tpl_14:
  cam_R_m2c: [0.35102509, 0.93601687, -0.02558081, 0.93223414, -0.35190905, -0.08425593, -0.08786706, 0.00572863, -0.99611546]
  cam_t_m2c: [-10.29263048, 27.58053718, 620.77582482]
  obj_bb: [121, 104, 148, 175]
  obj_id: 25
tpl_15:
  cam_R_m2c: [0.26850344, 0.96293798, -0.02561384, 0.95922579, -0.26971596, -0.08449378, -0.08827079, -0.00188254, -0.99609494]
  cam_t_m2c: [-10.57953539, 27.66224634, 620.79179595]
  obj_bb: [125, 106, 140, 175]
  obj_id: 25
tpl_16:
  cam_R_m2c: [0.18241349, 0.98290123, -0.02510931, 0.97930659, -0.18390496, -0.08448105, -0.08765425, -0.00917928, -0.99610902]
  cam_t_m2c: [-10.81446575, 27.73967892, 620.79476443]
  obj_bb: [131, 107, 131, 175]
  obj_id: 25
tpl_17:
  cam_R_m2c: [0.09483681, 0.99518015, -0.02495787, 0.99171480, -0.09662930, -0.08463969, -0.08664338, -0.01672413, -0.99609945]
  cam_t_m2c: [-11.08734597, 27.76952858, 620.76570587]
  obj_bb: [137, 111, 121, 172]
  obj_id: 25
tpl_18:
  cam_R_m2c: [0.00993467, 0.99965616, -0.02428312, 0.99638826, -0.01194429, -0.08406446, -0.08432557, -0.02336025, -0.99616456]
  cam_t_m2c: [-11.26562042, 27.84276605, 620.73901028]
  obj_bb: [142, 114, 112, 169]
  obj_id: 25
tpl_19:
  cam_R_m2c: [-0.07639218, 0.99678082, -0.02435153, 0.99368059, 0.07409467, -0.08431990, -0.08224409, -0.03063895, -0.99614076]
  cam_t_m2c: [-11.59874888, 27.80809591, 620.78062374]
  obj_bb: [139, 112, 120, 171]
  obj_id: 25
tpl_20:
  cam_R_m2c: [-0.16396710, 0.98617196, -0.02406975, 0.98331909, 0.16144774, -0.08377562, -0.07873115, -0.03740471, -0.99619402]
  cam_t_m2c: [-11.86100437, 27.79736228, 620.71761475]
  obj_bb: [135, 108, 129, 174]
  obj_id: 25
tpl_21:
  cam_R_m2c: [-0.24890774, 0.96823255, -0.02390559, 0.96560428, 0.24616494, -0.08373333, -0.07518860, -0.04392527, -0.99620142]
  cam_t_m2c: [-12.12348382, 27.73838433, 620.73638687]
  obj_bb: [132, 106, 138, 175]
  obj_id: 25
tpl_22:
  cam_R_m2c: [-0.33338774, 0.94249143, -0.02372859, 0.94012711, 0.33045118, -0.08344369, -0.07080382, -0.05012707, -0.99622981]
  cam_t_m2c: [-12.38880430, 27.66355046, 620.72392716]
  obj_bb: [128, 104, 147, 175]
  obj_id: 25
tpl_23:
  cam_R_m2c: [-0.41263202, 0.91059579, -0.02344356, 0.90848332, 0.40952891, -0.08333159, -0.06628061, -0.05568330, -0.99624577]
  cam_t_m2c: [-12.61869714, 27.55714009, 620.73297991]
  obj_bb: [126, 103, 154, 174]
  obj_id: 25
tpl_24:
  cam_R_m2c: [-0.49144157, 0.87059796, -0.02332655, 0.86874949, 0.48816047, -0.08350881, -0.06131544, -0.06130461, -0.99623427]
  cam_t_m2c: [-12.86648973, 27.41309176, 620.74947458]
  obj_bb: [124, 102, 160, 173]
  obj_id: 25
tpl_25:
  cam_R_m2c: [-0.56530424, 0.82456714, -0.02278892, 0.82302647, 0.56196547, -0.08260243, -0.05530473, -0.06545141, -0.99632162]
  cam_t_m2c: [-13.02009697, 27.27988567, 620.69813614]
  obj_bb: [122, 102, 165, 174]
  obj_id: 25
tpl_26:
  cam_R_m2c: [-0.63596984, 0.77138763, -0.02242809, 0.77011810, 0.63251810, -0.08270172, -0.04960902, -0.06986809, -0.99632184]
  cam_t_m2c: [-13.19672600, 27.10546130, 620.72311012]
  obj_bb: [121, 103, 170, 173]
  obj_id: 25
tpl_27:
  cam_R_m2c: [-0.70167148, 0.71216236, -0.02196749, 0.71116879, 0.69814226, -0.08267822, -0.04354380, -0.07363549, -0.99633444]
  cam_t_m2c: [-13.32849341, 26.93162115, 620.75367899]
  obj_bb: [120, 105, 173, 172]
  obj_id: 25
tpl_28:
  cam_R_m2c: [-0.75882421, 0.65093410, -0.02169521, 0.65021702, 0.75522990, -0.08273469, -0.03746994, -0.07688768, -0.99633515]
  cam_t_m2c: [-13.47292629, 26.73628955, 620.77313912]
  obj_bb: [120, 106, 174, 170]
  obj_id: 25
tpl_29:
  cam_R_m2c: [-0.81337688, 0.58134767, -0.02129548, 0.58091010, 0.80972195, -0.08303154, -0.03102673, -0.07990665, -0.99631918]
  cam_t_m2c: [-13.58238347, 26.53424648, 620.82471388]
  obj_bb: [120, 109, 175, 166]
  obj_id: 25
tpl_30:
  cam_R_m2c: [-0.86075500, 0.50858753, -0.02096351, 0.50843317, 0.85706134, -0.08331329, -0.02440511, -0.08237094, -0.99630291]
  cam_t_m2c: [-13.68482593, 26.31476733, 620.85448313]
  obj_bb: [122, 112, 174, 162]
  obj_id: 25
tpl_31:
  cam_R_m2c: [-0.90224766, 0.43071819, -0.02078852, 0.43087650, 0.89856324, -0.08324237, -0.01717414, -0.08406247, -0.99631289]
  cam_t_m2c: [-13.79236513, 26.10490221, 620.91541899]
  obj_bb: [124, 116, 171, 155]
  obj_id: 25
tpl_32:
  cam_R_m2c: [-0.93676933, 0.34933892, -0.02062512, 0.34980572, 0.93309206, -0.08351278, -0.00992912, -0.08544704, -0.99629295]
  cam_t_m2c: [-13.88629876, 25.86450090, 620.97363541]
  obj_bb: [122, 120, 172, 148]
  obj_id: 25
tpl_33:
  cam_R_m2c: [-0.96309194, 0.26838948, -0.02053439, 0.26915928, 0.95943853, -0.08384957, -0.00280286, -0.08628180, -0.99626668]
  cam_t_m2c: [-13.96183145, 25.64157752, 621.09512813]
  obj_bb: [120, 125, 172, 141]
  obj_id: 25
tpl_34:
  cam_R_m2c: [-0.98245660, 0.18539510, -0.02017652, 0.18644034, 0.97892867, -0.08330443, 0.00430713, -0.08560475, -0.99631958]
  cam_t_m2c: [-13.99539373, 25.42319061, 621.13149972]
  obj_bb: [118, 130, 172, 132]
  obj_id: 25
tpl_35:
  cam_R_m2c: [-0.99529212, 0.09488836, -0.01973412, 0.09621180, 0.99188402, -0.08312204, 0.01168659, -0.08462941, -0.99634446]
  cam_t_m2c: [-13.99392509, 25.19517539, 621.18603254]
  obj_bb: [118, 137, 168, 121]
  obj_id: 25
tpl_36:
  cam_R_m2c: [-0.99975699, 0.00992695, -0.01967153, 0.01152216, 0.99650737, -0.08271085, 0.01878170, -0.08291746, -0.99637945]
  cam_t_m2c: [-14.01380106, 24.97905264, 621.20588648]
  obj_bb: [117, 142, 166, 112]
  obj_id: 25
tpl_37:
  cam_R_m2c: [-0.99674007, -0.07829863, -0.01945485, -0.07642738, 0.99359650, -0.08321950, 0.02584618, -0.08146131, -0.99634130]
  cam_t_m2c: [-13.98802109, 24.72934316, 621.37668234]
  obj_bb: [118, 139, 167, 120]
  obj_id: 25
tpl_38:
  cam_R_m2c: [-0.98646006, -0.16283669, -0.01950065, -0.16072809, 0.98355218, -0.08240582, 0.03259860, -0.07815585, -0.99640834]
  cam_t_m2c: [-13.98716416, 24.50697654, 621.34176021]
  obj_bb: [118, 136, 170, 129]
  obj_id: 25
tpl_39:
  cam_R_m2c: [-0.96827505, -0.24911470, -0.01964936, -0.24675053, 0.96557778, -0.08230008, 0.03947519, -0.07484062, -0.99641380]
  cam_t_m2c: [-13.98221332, 24.26261369, 621.39824144]
  obj_bb: [120, 132, 171, 138]
  obj_id: 25
tpl_40:
  cam_R_m2c: [-0.94302452, -0.33214332, -0.01961319, -0.32958366, 0.94058264, -0.08172913, 0.04559354, -0.07060840, -0.99646176]
  cam_t_m2c: [-13.92420484, 24.05228022, 621.40543802]
  obj_bb: [122, 130, 171, 146]
  obj_id: 25
tpl_41:
  cam_R_m2c: [-0.91065052, -0.41271574, -0.01954311, -0.40996957, 0.90845104, -0.08149748, 0.05138914, -0.06620363, -0.99648162]
  cam_t_m2c: [-13.83369237, 23.81665062, 621.42448147]
  obj_bb: [124, 127, 171, 153]
  obj_id: 25
tpl_42:
  cam_R_m2c: [-0.87067057, -0.49147448, -0.01962804, -0.48856664, 0.86875562, -0.08103836, 0.05688029, -0.06096813, -0.99651753]
  cam_t_m2c: [-13.74445161, 23.57337443, 621.37367351]
  obj_bb: [122, 124, 173, 160]
  obj_id: 25
tpl_43:
  cam_R_m2c: [-0.82312701, -0.56750909, -0.01987754, -0.56447703, 0.82154051, -0.08022921, 0.06186093, -0.05481835, -0.99657780]
  cam_t_m2c: [-13.66501252, 23.35077486, 621.32106751]
  obj_bb: [121, 123, 175, 165]
  obj_id: 25
tpl_44:
  cam_R_m2c: [-0.77173160, -0.63564319, -0.01971512, -0.63251763, 0.77041448, -0.07989424, 0.06597310, -0.04918666, -0.99660797]
  cam_t_m2c: [-13.47826284, 23.15181436, 621.31869442]
  obj_bb: [121, 121, 174, 170]
  obj_id: 25
tpl_45:
  cam_R_m2c: [-0.71360057, -0.70027807, -0.01963451, -0.69707625, 0.71256832, -0.07956623, 0.06970945, -0.04309172, -0.99663589]
  cam_t_m2c: [-13.28117878, 22.97312682, 621.29643330]
  obj_bb: [121, 120, 172, 172]
  obj_id: 25
tpl_46:
  cam_R_m2c: [-0.65011324, -0.75958117, -0.01974076, -0.75631846, 0.64938100, -0.07928968, 0.07304621, -0.03661701, -0.99665647]
  cam_t_m2c: [-13.11347227, 22.78932472, 621.28827718]
  obj_bb: [122, 121, 170, 174]
  obj_id: 25
tpl_47:
  cam_R_m2c: [-0.58064728, -0.81391274, -0.01986149, -0.81062682, 0.58022746, -0.07886726, 0.07571531, -0.02969384, -0.99668680]
  cam_t_m2c: [-12.90871970, 22.64769486, 621.27275949]
  obj_bb: [123, 121, 166, 174]
  obj_id: 25
tpl_48:
  cam_R_m2c: [-0.50670838, -0.86188727, -0.01992164, -0.85859841, 0.50659189, -0.07857549, 0.07781531, -0.02271019, -0.99670914]
  cam_t_m2c: [-12.67672803, 22.51866171, 621.25343660]
  obj_bb: [124, 122, 161, 173]
  obj_id: 25
tpl_49:
  cam_R_m2c: [-0.42624902, -0.90437674, -0.02033425, -0.90111223, 0.42646925, -0.07823460, 0.07942543, -0.01502395, -0.99672788]
  cam_t_m2c: [-12.50110708, 22.42261671, 621.25207061]
  obj_bb: [127, 124, 155, 172]
  obj_id: 25
tpl_50:
  cam_R_m2c: [-0.35045569, -0.93635418, -0.02055171, -0.93313172, 0.35096301, -0.07804050, 0.08028638, -0.00817232, -0.99673788]
  cam_t_m2c: [-12.27859154, 22.35487242, 621.23841110]
  obj_bb: [128, 123, 149, 171]
  obj_id: 25
tpl_51:
  cam_R_m2c: [-0.26822089, -0.96311786, -0.02147430, -0.95998747, 0.26907911, -0.07758996, 0.08050657, -0.00019617, -0.99675382]
  cam_t_m2c: [-12.16416015, 22.29843752, 621.24124668]
  obj_bb: [131, 121, 141, 172]
  obj_id: 25
tpl_52:
  cam_R_m2c: [-0.18380738, -0.98273135, -0.02132834, -0.97973111, 0.18491766, -0.07702270, 0.07963657, 0.00673869, -0.99680080]
  cam_t_m2c: [-11.85985760, 22.24762326, 621.19307874]
  obj_bb: [135, 119, 132, 171]
  obj_id: 25
tpl_53:
  cam_R_m2c: [-0.09686585, -0.99505429, -0.02198165, -0.99216249, 0.09828869, -0.07715358, 0.07893263, 0.01433592, -0.99677645]
  cam_t_m2c: [-11.68167598, 22.22710628, 621.24439128]
  obj_bb: [139, 118, 122, 169]
  obj_id: 25
tpl_54:
  cam_R_m2c: [-0.01062595, -0.99969129, -0.02243945, -0.99699822, 0.01231319, -0.07644554, 0.07669832, 0.02155981, -0.99682172]
  cam_t_m2c: [-11.46364454, 22.24474486, 621.18448496]
  obj_bb: [143, 118, 112, 166]
  obj_id: 25
tpl_55:
  cam_R_m2c: [0.07728694, -0.99674309, -0.02303689, -0.99423098, -0.07532735, -0.07635898, 0.07437494, 0.02880551, -0.99681467]
  cam_t_m2c: [-11.27587738, 22.25402376, 621.22391103]
  obj_bb: [138, 118, 120, 168]
  obj_id: 25
tpl_56:
  cam_R_m2c: [0.16305239, -0.98633670, -0.02355203, -0.98404036, -0.16085561, -0.07609792, 0.07126964, 0.03558407, -0.99682183]
  cam_t_m2c: [-11.05122763, 22.26663094, 621.15554803]
  obj_bb: [131, 119, 130, 170]
  obj_id: 25
tpl_57:
  cam_R_m2c: [0.24773431, -0.96852542, -0.02420497, -0.96644152, -0.24529361, -0.07630356, 0.06796470, 0.04229569, -0.99679129]
  cam_t_m2c: [-10.87243735, 22.30981270, 621.14656480]
  obj_bb: [126, 120, 139, 172]
  obj_id: 25
tpl_58:
  cam_R_m2c: [0.33070882, -0.94341602, -0.02444452, -0.94157793, -0.32809326, -0.07606417, 0.06374011, 0.04817156, -0.99680341]
  cam_t_m2c: [-10.61116550, 22.35228168, 621.07903992]
  obj_bb: [121, 122, 147, 172]
  obj_id: 25
tpl_59:
  cam_R_m2c: [0.41242907, -0.91064840, -0.02491732, -0.90906826, -0.40963068, -0.07613883, 0.05912879, 0.05405335, -0.99678619]
  cam_t_m2c: [-10.40825505, 22.43066350, 621.07700647]
  obj_bb: [116, 125, 154, 171]
  obj_id: 25
tpl_60:
  cam_R_m2c: [0.48980717, -0.87146319, -0.02532762, -0.87013767, -0.48683973, -0.07647452, 0.05431420, 0.05949620, -0.99675020]
  cam_t_m2c: [-10.19875181, 22.49886531, 621.05939417]
  obj_bb: [113, 123, 160, 173]
  obj_id: 25
tpl_61:
  cam_R_m2c: [0.56460131, -0.82496465, -0.02566707, -0.82391954, -0.56150099, -0.07663630, 0.04881008, 0.06441656, -0.99672872]
  cam_t_m2c: [-9.99552278, 22.58828307, 621.01627371]
  obj_bb: [110, 121, 165, 174]
  obj_id: 25
tpl_62:
  cam_R_m2c: [0.63272255, -0.77395035, -0.02575190, -0.77316194, -0.62951614, -0.07700568, 0.04338735, 0.06863360, -0.99669842]
  cam_t_m2c: [-9.75531385, 22.71229856, 621.03106935]
  obj_bb: [106, 121, 170, 174]
  obj_id: 25
tpl_63:
  cam_R_m2c: [0.69957190, -0.71409594, -0.02579910, -0.71359244, -0.69628571, -0.07728437, 0.03722498, 0.07247598, -0.99667549]
  cam_t_m2c: [-9.51171162, 22.85184802, 620.98053479]
  obj_bb: [105, 121, 172, 173]
  obj_id: 25
tpl_64:
  cam_R_m2c: [0.75777029, -0.65200215, -0.02603575, -0.65177351, -0.75438693, -0.07804848, 0.03124672, 0.07611223, -0.99660917]
  cam_t_m2c: [-9.34346236, 22.99747683, 620.99785182]
  obj_bb: [102, 122, 174, 170]
  obj_id: 25
tpl_65:
  cam_R_m2c: [0.81133849, -0.58399035, -0.02617131, -0.58406063, -0.80792596, -0.07828651, 0.02457408, 0.07880246, -0.99658729]
  cam_t_m2c: [-9.16554923, 23.16460519, 620.97830390]
  obj_bb: [102, 122, 174, 167]
  obj_id: 25
tpl_66:
  cam_R_m2c: [0.85966641, -0.51018413, -0.02618565, -0.51054385, -0.85622021, -0.07894696, 0.01785675, 0.08123695, -0.99653522]
  cam_t_m2c: [-8.98522088, 23.35925926, 620.99329713]
  obj_bb: [102, 124, 174, 162]
  obj_id: 25
tpl_67:
  cam_R_m2c: [0.90059306, -0.43385888, -0.02641804, -0.43452809, -0.89714429, -0.07948279, 0.01078345, 0.08306108, -0.99648582]
  cam_t_m2c: [-8.86204080, 23.58015035, 621.03030975]
  obj_bb: [102, 126, 173, 156]
  obj_id: 25
tpl_68:
  cam_R_m2c: [0.93529560, -0.35286382, -0.02663401, -0.35385002, -0.93185539, -0.08022339, 0.00348889, 0.08445707, -0.99642058]
  cam_t_m2c: [-8.77144876, 23.78747589, 621.06459459]
  obj_bb: [103, 128, 175, 149]
  obj_id: 25
tpl_69:
  cam_R_m2c: [0.96191284, -0.27205576, -0.02661815, -0.27333207, -0.95853299, -0.08065441, -0.00357187, 0.08485812, -0.99638702]
  cam_t_m2c: [-8.65786849, 23.99830067, 621.10381507]
  obj_bb: [105, 132, 175, 140]
  obj_id: 25
tpl_70:
  cam_R_m2c: [0.98210161, -0.18645009, -0.02668328, -0.18802110, -0.97886246, -0.08048027, -0.01111374, 0.08405686, -0.99639860]
  cam_t_m2c: [-8.59247308, 24.27980465, 621.11769857]
  obj_bb: [108, 135, 174, 132]
  obj_id: 25
tpl_71:
  cam_R_m2c: [0.99438802, -0.10235473, -0.02676532, -0.10420843, -0.99126953, -0.08078166, -0.01826320, 0.08311744, -0.99637253]
  cam_t_m2c: [-8.55756843, 24.52858239, 621.16109088]
  obj_bb: [111, 139, 172, 122]
  obj_id: 25
tpl_72:
  cam_R_m2c: [0.99867237, 0.04402973, -0.02674676, 0.03594886, -0.96748057, -0.25037948, -0.03690109, 0.24908468, -0.96777861]
  cam_t_m2c: [-8.71359567, 17.40947730, 619.82420537]
  obj_bb: [111, 136, 172, 126]
  obj_id: 25
tpl_73:
  cam_R_m2c: [0.99091911, 0.13167061, -0.02722703, 0.12068131, -0.96025987, -0.25167006, -0.05928257, 0.24609878, -0.96743011]
  cam_t_m2c: [-8.78574653, 17.65721037, 619.91624721]
  obj_bb: [108, 131, 174, 135]
  obj_id: 25
tpl_74:
  cam_R_m2c: [0.97648704, 0.21381303, -0.02750931, 0.20026132, -0.94693920, -0.25140154, -0.07980265, 0.23998070, -0.96749165]
  cam_t_m2c: [-8.86195683, 17.88812197, 619.83537136]
  obj_bb: [105, 126, 176, 144]
  obj_id: 25
tpl_75:
  cam_R_m2c: [0.95342246, 0.30038543, -0.02744912, 0.28420517, -0.92508300, -0.25189250, -0.10105764, 0.23235891, -0.96736541]
  cam_t_m2c: [-8.91998425, 18.11533152, 619.78924634]
  obj_bb: [103, 120, 177, 153]
  obj_id: 25
tpl_76:
  cam_R_m2c: [0.92439553, 0.38045738, -0.02730009, 0.36199446, -0.89758870, -0.25158482, -0.12022110, 0.22268070, -0.96745016]
  cam_t_m2c: [-8.98428337, 18.34658589, 619.71832194]
  obj_bb: [103, 116, 175, 160]
  obj_id: 25
tpl_77:
  cam_R_m2c: [0.88660739, 0.46171985, -0.02725718, 0.44097547, -0.86161065, -0.25132953, -0.13952940, 0.21081094, -0.96751809]
  cam_t_m2c: [-9.09551657, 18.57511597, 619.62132240]
  obj_bb: [102, 112, 173, 166]
  obj_id: 25
tpl_78:
  cam_R_m2c: [0.84331461, 0.53672809, -0.02726186, 0.51384128, -0.82013802, -0.25167672, -0.15743986, 0.19823407, -0.96742778]
  cam_t_m2c: [-9.19817425, 18.78340589, 619.54881395]
  obj_bb: [102, 108, 173, 172]
  obj_id: 25
tpl_79:
  cam_R_m2c: [0.79361788, 0.60780725, -0.02721763, 0.58301229, -0.77251164, -0.25163792, -0.17397288, 0.18383560, -0.96743902]
  cam_t_m2c: [-9.33607308, 18.98590056, 619.45551353]
  obj_bb: [102, 106, 174, 175]
  obj_id: 25
tpl_80:
  cam_R_m2c: [0.73792886, 0.67432972, -0.02720003, 0.64775752, -0.71900907, -0.25186355, -0.18939569, 0.16823843, -0.96738095]
  cam_t_m2c: [-9.50254863, 19.17910138, 619.37838077]
  obj_bb: [103, 103, 173, 179]
  obj_id: 25
tpl_81:
  cam_R_m2c: [0.67792034, 0.73463759, -0.02705416, 0.70650673, -0.66124818, -0.25218889, -0.20315677, 0.15185026, -0.96729956]
  cam_t_m2c: [-9.66328959, 19.34752631, 619.29440346]
  obj_bb: [106, 101, 170, 181]
  obj_id: 25
tpl_82:
  cam_R_m2c: [0.60923086, 0.79253982, -0.02680136, 0.76297178, -0.59504312, -0.25258249, -0.21612983, 0.13343223, -0.96720462]
  cam_t_m2c: [-9.82276681, 19.51838775, 619.21986357]
  obj_bb: [108, 101, 167, 181]
  obj_id: 25
tpl_83:
  cam_R_m2c: [0.53702800, 0.84314094, -0.02671964, 0.81236674, -0.52544169, -0.25292694, -0.22729266, 0.11412251, -0.96711587]
  cam_t_m2c: [-10.04654086, 19.66874817, 619.13200908]
  obj_bb: [111, 99, 163, 182]
  obj_id: 25
tpl_84:
  cam_R_m2c: [0.46189951, 0.88653724, -0.02647197, 0.85474678, -0.45290712, -0.25354035, -0.23676188, 0.09448337, -0.96696297]
  cam_t_m2c: [-10.24885600, 19.79778643, 619.07314532]
  obj_bb: [115, 100, 158, 180]
  obj_id: 25
tpl_85:
  cam_R_m2c: [0.38482116, 0.92261399, -0.02639052, 0.89006113, -0.37850928, -0.25401339, -0.24434479, 0.07426037, -0.96684057]
  cam_t_m2c: [-10.48512887, 19.91335886, 619.05077624]
  obj_bb: [119, 101, 151, 179]
  obj_id: 25
tpl_86:
  cam_R_m2c: [0.30342271, 0.95249412, -0.02627150, 0.91934970, -0.29988959, -0.25468103, -0.25046098, 0.05312351, -0.96666815]
  cam_t_m2c: [-10.73760045, 19.99333091, 619.03656120]
  obj_bb: [123, 102, 144, 180]
  obj_id: 25
tpl_87:
  cam_R_m2c: [0.21668932, 0.97590672, -0.02553133, 0.94264707, -0.21596328, -0.25451255, -0.25389346, 0.03108307, -0.96673296]
  cam_t_m2c: [-10.92116880, 20.06321861, 618.99000806]
  obj_bb: [129, 104, 135, 180]
  obj_id: 25
tpl_88:
  cam_R_m2c: [0.13145497, 0.99099878, -0.02531817, 0.95782898, -0.13355463, -0.25441454, -0.25550596, 0.00919364, -0.96676413]
  cam_t_m2c: [-11.19996384, 20.10833586, 618.97540958]
  obj_bb: [135, 107, 125, 179]
  obj_id: 25
tpl_89:
  cam_R_m2c: [0.04503775, 0.99867437, -0.02490910, 0.96567845, -0.04990746, -0.25489915, -0.25580369, -0.01257407, -0.96664691]
  cam_t_m2c: [-11.42628932, 20.14700624, 619.00646640]
  obj_bb: [141, 109, 115, 176]
  obj_id: 25
tpl_90:
  cam_R_m2c: [-0.04157127, 0.99883702, -0.02440927, 0.96651438, 0.03401037, -0.25434833, -0.25322276, -0.03416555, -0.96680476]
  cam_t_m2c: [-11.67265855, 20.11420823, 618.95673850]
  obj_bb: [140, 110, 116, 175]
  obj_id: 25
tpl_91:
  cam_R_m2c: [-0.12942235, 0.99128816, -0.02446208, 0.95966110, 0.11900728, -0.25473085, -0.24960002, -0.05644319, -0.96670214]
  cam_t_m2c: [-11.97876095, 20.10107543, 619.02741015]
  obj_bb: [136, 106, 126, 179]
  obj_id: 25
tpl_92:
  cam_R_m2c: [-0.21474211, 0.97637119, -0.02417933, 0.94571523, 0.20168841, -0.25484230, -0.24394403, -0.07759195, -0.96668077]
  cam_t_m2c: [-12.23857526, 20.06124187, 619.05714242]
  obj_bb: [132, 105, 136, 180]
  obj_id: 25
tpl_93:
  cam_R_m2c: [-0.29849134, 0.95412101, -0.02357099, 0.92472831, 0.28300882, -0.25452499, -0.23617642, -0.09777034, -0.96677891]
  cam_t_m2c: [-12.43474793, 19.97875044, 619.03487574]
  obj_bb: [129, 102, 144, 181]
  obj_id: 25
tpl_94:
  cam_R_m2c: [-0.38159680, 0.92403394, -0.02336376, 0.89616581, 0.36366015, -0.25424117, -0.22643139, -0.11795557, -0.96685895]
  cam_t_m2c: [-12.69321269, 19.88215421, 619.06351188]
  obj_bb: [126, 101, 152, 179]
  obj_id: 25
tpl_95:
  cam_R_m2c: [-0.46023336, 0.88750430, -0.02283436, 0.86127954, 0.44009863, -0.25399067, -0.21536797, -0.13656209, -0.96693681]
  cam_t_m2c: [-12.88034465, 19.78006466, 619.09959854]
  obj_bb: [124, 100, 158, 180]
  obj_id: 25
tpl_96:
  cam_R_m2c: [-0.53573566, 0.84408000, -0.02271979, 0.81970056, 0.51342758, -0.25393738, -0.20267901, -0.15466702, -0.96695342]
  cam_t_m2c: [-13.11026610, 19.64730641, 619.13811602]
  obj_bb: [123, 99, 163, 182]
  obj_id: 25
tpl_97:
  cam_R_m2c: [-0.60708477, 0.79432519, -0.02225478, 0.77196252, 0.58288834, -0.25360304, -0.18847081, -0.17113788, -0.96705257]
  cam_t_m2c: [-13.27453294, 19.50556271, 619.18522195]
  obj_bb: [121, 99, 168, 182]
  obj_id: 25
tpl_98:
  cam_R_m2c: [-0.67608947, 0.73649018, -0.02202047, 0.71633083, 0.64999777, -0.25371783, -0.17254765, -0.18730976, -0.96702774]
  cam_t_m2c: [-13.45495717, 19.34939627, 619.24086902]
  obj_bb: [120, 101, 171, 181]
  obj_id: 25
tpl_99:
  cam_R_m2c: [-0.73662139, 0.67595694, -0.02170040, 0.65806834, 0.70898891, -0.25353525, -0.15599304, -0.20103943, -0.96708247]
  cam_t_m2c: [-13.58807899, 19.18804842, 619.27566407]
  obj_bb: [121, 102, 173, 180]
  obj_id: 25
tpl_100:
  cam_R_m2c: [-0.79347873, 0.60822252, -0.02138211, 0.59279927, 0.76445055, -0.25338673, -0.13777047, -0.21373277, -0.96712916]
  cam_t_m2c: [-13.72250306, 19.01079399, 619.29488014]
  obj_bb: [121, 104, 174, 177]
  obj_id: 25
tpl_101:
  cam_R_m2c: [-0.84339957, 0.53687061, -0.02112787, 0.52396414, 0.81314932, -0.25347578, -0.11890332, -0.22485178, -0.96711134]
  cam_t_m2c: [-13.84119841, 18.81316651, 619.34899910]
  obj_bb: [121, 108, 174, 172]
  obj_id: 25
tpl_102:
  cam_R_m2c: [-0.88756643, 0.46020442, -0.02093973, 0.44993774, 0.85621383, -0.25387590, -0.09890586, -0.23475289, -0.96701063]
  cam_t_m2c: [-13.94671796, 18.62628877, 619.42906458]
  obj_bb: [123, 111, 172, 167]
  obj_id: 25
tpl_103:
  cam_R_m2c: [-0.92370746, 0.38253617, -0.02073623, 0.37491225, 0.89151769, -0.25423641, -0.07876796, -0.24261453, -0.96691972]
  cam_t_m2c: [-14.03010569, 18.39913082, 619.53826655]
  obj_bb: [122, 114, 172, 161]
  obj_id: 25
tpl_104:
  cam_R_m2c: [-0.95393793, 0.29928005, -0.02081133, 0.29452298, 0.92105957, -0.25476536, -0.05707793, -0.24916063, -0.96677840]
  cam_t_m2c: [-14.13666707, 18.17924014, 619.70405289]
  obj_bb: [120, 120, 173, 153]
  obj_id: 25
tpl_105:
  cam_R_m2c: [-0.97665439, 0.21385473, -0.02032691, 0.21192632, 0.94370405, -0.25398860, -0.03513399, -0.25236636, -0.96699347]
  cam_t_m2c: [-14.16361009, 17.96535327, 619.75674022]
  obj_bb: [119, 124, 172, 146]
  obj_id: 25
tpl_106:
  cam_R_m2c: [-0.99135074, 0.12966551, -0.02027135, 0.13054269, 0.95833252, -0.25408091, -0.01351893, -0.25453011, -0.96697054]
  cam_t_m2c: [-14.22298111, 17.73912452, 619.87866203]
  obj_bb: [118, 129, 171, 137]
  obj_id: 25
tpl_107:
  cam_R_m2c: [-0.99893469, 0.04163216, -0.01990393, 0.04532714, 0.96612095, -0.25407785, 0.00865177, -0.25470988, -0.96697883]
  cam_t_m2c: [-14.19325998, 17.53151748, 619.98953606]
  obj_bb: [118, 136, 167, 127]
  obj_id: 25
tpl_108:
  cam_R_m2c: [-0.99885355, -0.04359877, -0.01978935, -0.03716632, 0.96659429, -0.25360321, 0.03018507, -0.25257640, -0.96710625]
  cam_t_m2c: [-14.23346159, 17.28832801, 620.05748416]
  obj_bb: [118, 137, 166, 126]
  obj_id: 25
tpl_109:
  cam_R_m2c: [-0.99113032, -0.13138421, -0.01996866, -0.12208071, 0.95952161, -0.25379904, 0.05250540, -0.24910937, -0.96705060]
  cam_t_m2c: [-14.25507948, 17.05358570, 620.18935913]
  obj_bb: [118, 134, 170, 135]
  obj_id: 25
tpl_110:
  cam_R_m2c: [-0.97602165, -0.21675042, -0.02000697, -0.20474070, 0.94536049, -0.25372068, 0.07390782, -0.24354051, -0.96707105]
  cam_t_m2c: [-14.23358291, 16.81563981, 620.26641808]
  obj_bb: [120, 130, 171, 144]
  obj_id: 25
tpl_111:
  cam_R_m2c: [-0.95405915, -0.29895758, -0.01988765, -0.28442772, 0.92455725, -0.25356472, 0.09419253, -0.23625899, -0.96711386]
  cam_t_m2c: [-14.18554538, 16.58030624, 620.33824022]
  obj_bb: [122, 126, 171, 153]
  obj_id: 25
tpl_112:
  cam_R_m2c: [-0.92337492, -0.38338502, -0.01984483, -0.36636278, 0.89546373, -0.25282871, 0.11470117, -0.22618462, -0.96730786]
  cam_t_m2c: [-14.11064507, 16.35202662, 620.38177885]
  obj_bb: [124, 124, 171, 160]
  obj_id: 25
tpl_113:
  cam_R_m2c: [-0.88673499, -0.46184818, -0.01991434, -0.44256608, 0.86058254, -0.25205884, 0.13355046, -0.21469615, -0.96750728]
  cam_t_m2c: [-14.04970108, 16.13023247, 620.37432030]
  obj_bb: [122, 121, 173, 167]
  obj_id: 25
tpl_114:
  cam_R_m2c: [-0.84256549, -0.53822681, -0.01988382, -0.51676507, 0.81827086, -0.25176788, 0.15177888, -0.20185625, -0.96758373]
  cam_t_m2c: [-13.92262902, 15.91163687, 620.40769202]
  obj_bb: [121, 120, 174, 172]
  obj_id: 25
tpl_115:
  cam_R_m2c: [-0.79371548, -0.60796610, -0.01980360, -0.58469002, 0.77149925, -0.25085014, 0.16778701, -0.18752506, -0.96782366]
  cam_t_m2c: [-13.77030244, 15.71750925, 620.40809394]
  obj_bb: [121, 119, 174, 175]
  obj_id: 25
tpl_116:
  cam_R_m2c: [-0.73706943, -0.67552368, -0.01992188, -0.65043940, 0.71708581, -0.25043288, 0.18345898, -0.17162794, -0.96792864]
  cam_t_m2c: [-13.62660143, 15.52993957, 620.43096129]
  obj_bb: [121, 117, 173, 179]
  obj_id: 25
tpl_117:
  cam_R_m2c: [-0.67469998, -0.73782170, -0.01996419, -0.71121796, 0.65712881, -0.24970014, 0.19735353, -0.15427357, -0.96811764]
  cam_t_m2c: [-13.44163026, 15.36530356, 620.41496592]
  obj_bb: [122, 118, 171, 181]
  obj_id: 25
tpl_118:
  cam_R_m2c: [-0.60836070, -0.79340654, -0.02007453, -0.76550075, 0.59326534, -0.24908848, 0.20953820, -0.13616896, -0.96827278]
  cam_t_m2c: [-13.23930000, 15.23509734, 620.41039318]
  obj_bb: [122, 118, 168, 182]
  obj_id: 25
tpl_119:
  cam_R_m2c: [-0.53747522, -0.84303226, -0.02040890, -0.81399282, 0.52498027, -0.24861838, 0.22030732, -0.11701345, -0.96838614]
  cam_t_m2c: [-13.07232027, 15.10407525, 620.40086815]
  obj_bb: [124, 118, 163, 182]
  obj_id: 25
tpl_120:
  cam_R_m2c: [-0.46124563, -0.88702835, -0.02078953, -0.85706351, 0.45148170, -0.24820642, 0.22955258, -0.09666673, -0.96848436]
  cam_t_m2c: [-12.87906769, 14.99603876, 620.37228441]
  obj_bb: [126, 119, 158, 180]
  obj_id: 25
tpl_121:
  cam_R_m2c: [-0.38432901, -0.92295166, -0.02124504, -0.89236093, 0.37729216, -0.24767447, 0.23660807, -0.07623049, -0.96860995]
  cam_t_m2c: [-12.69259624, 14.92287537, 620.34479631]
  obj_bb: [128, 121, 151, 177]
  obj_id: 25
tpl_122:
  cam_R_m2c: [-0.30168048, -0.95316122, -0.02172367, -0.92195205, 0.29745648, -0.24804060, 0.24288464, -0.05480085, -0.96850597]
  cam_t_m2c: [-12.48704653, 14.84717310, 620.43156178]
  obj_bb: [131, 124, 144, 174]
  obj_id: 25
tpl_123:
  cam_R_m2c: [-0.21825432, -0.97565058, -0.02169044, -0.94441643, 0.21676174, -0.24716645, 0.24585005, -0.03346026, -0.96873044]
  cam_t_m2c: [-12.20845014, 14.79576277, 620.38463810]
  obj_bb: [134, 125, 135, 171]
  obj_id: 25
tpl_124:
  cam_R_m2c: [-0.13172348, -0.99103635, -0.02227147, -0.95978570, 0.13312401, -0.24716162, 0.24791141, -0.01118103, -0.96871788]
  cam_t_m2c: [-12.02359059, 14.78022043, 620.40868559]
  obj_bb: [138, 124, 126, 169]
  obj_id: 25
tpl_125:
  cam_R_m2c: [-0.04555308, -0.99870382, -0.02272628, -0.96775846, 0.04976032, -0.24691363, 0.24772480, 0.01074584, -0.96877044]
  cam_t_m2c: [-11.80956998, 14.75002984, 620.41501134]
  obj_bb: [142, 124, 116, 166]
  obj_id: 25
tpl_126:
  cam_R_m2c: [0.04075325, -0.99891218, -0.02264385, -0.96862544, -0.03393676, -0.24619637, 0.24516050, 0.03196676, -0.96895560]
  cam_t_m2c: [-11.53123415, 14.71593897, 620.30668116]
  obj_bb: [139, 124, 116, 165]
  obj_id: 25
tpl_127:
  cam_R_m2c: [0.12844736, -0.99143290, -0.02372250, -0.96174177, -0.11869276, -0.24691099, 0.24197941, 0.05453010, -0.96874780]
  cam_t_m2c: [-11.39190799, 14.73816083, 620.39866565]
  obj_bb: [133, 124, 127, 169]
  obj_id: 25
tpl_128:
  cam_R_m2c: [0.21209311, -0.97695029, -0.02418034, -0.94820926, -0.19974020, -0.24698634, 0.23646438, 0.07531214, -0.96871760]
  cam_t_m2c: [-11.17911569, 14.76013428, 620.37473006]
  obj_bb: [128, 125, 136, 170]
  obj_id: 25
tpl_129:
  cam_R_m2c: [0.29719056, -0.95450488, -0.02447200, -0.92682241, -0.28222151, -0.24769188, 0.22951559, 0.09629270, -0.96852943]
  cam_t_m2c: [-10.93581044, 14.78412560, 620.36561947]
  obj_bb: [122, 124, 144, 174]
  obj_id: 25
tpl_130:
  cam_R_m2c: [0.38001422, -0.92464827, -0.02478673, -0.89844288, -0.36260665, -0.24762310, 0.21997697, 0.11637014, -0.96853910]
  cam_t_m2c: [-10.69888406, 14.83746531, 620.35483122]
  obj_bb: [118, 122, 152, 177]
  obj_id: 25
tpl_131:
  cam_R_m2c: [0.45857947, -0.88829975, -0.02507254, -0.86374077, -0.43891298, -0.24760198, 0.20893976, 0.13520110, -0.96853736]
  cam_t_m2c: [-10.47453917, 14.90052491, 620.31366308]
  obj_bb: [113, 120, 158, 180]
  obj_id: 25
tpl_132:
  cam_R_m2c: [0.53373293, -0.84526901, -0.02546734, -0.82246246, -0.51185664, -0.24810828, 0.19668230, 0.15336882, -0.96839727]
  cam_t_m2c: [-10.26828295, 15.00580546, 620.29668417]
  obj_bb: [110, 118, 164, 182]
  obj_id: 25
tpl_133:
  cam_R_m2c: [0.60612102, -0.79496377, -0.02550666, -0.77418438, -0.58231801, -0.24808235, 0.18236341, 0.17011397, -0.96840278]
  cam_t_m2c: [-10.01307320, 15.12542321, 620.25413969]
  obj_bb: [107, 118, 169, 181]
  obj_id: 25
tpl_134:
  cam_R_m2c: [0.67171186, -0.74036279, -0.02579969, -0.72164049, -0.64605859, -0.24868329, 0.16744784, 0.18566162, -0.96824103]
  cam_t_m2c: [-9.82671450, 15.25742825, 620.21050328]
  obj_bb: [104, 118, 172, 181]
  obj_id: 25
tpl_135:
  cam_R_m2c: [0.73440041, -0.67822046, -0.02594151, -0.66184261, -0.70714987, -0.24880491, 0.15040024, 0.19989160, -0.96820565]
  cam_t_m2c: [-9.61277295, 15.41691024, 620.14974200]
  obj_bb: [103, 118, 174, 179]
  obj_id: 25
tpl_136:
  cam_R_m2c: [0.79054492, -0.61185139, -0.02602452, -0.59786520, -0.76187373, -0.24921104, 0.13265314, 0.21257241, -0.96809961]
  cam_t_m2c: [-9.42119400, 15.60167624, 620.09214261]
  obj_bb: [102, 119, 175, 176]
  obj_id: 25
tpl_137:
  cam_R_m2c: [0.84073128, -0.54082033, -0.02615473, -0.52933607, -0.81079540, -0.24983090, 0.11390759, 0.22388538, -0.96793589]
  cam_t_m2c: [-9.25302113, 15.77939775, 620.06435859]
  obj_bb: [101, 120, 175, 172]
  obj_id: 25
tpl_138:
  cam_R_m2c: [0.88517728, -0.46450181, -0.02644430, -0.45571885, -0.85418746, -0.25036630, 0.09370681, 0.23366930, -0.96778986]
  cam_t_m2c: [-9.13277778, 15.98547175, 620.02217518]
  obj_bb: [102, 122, 173, 167]
  obj_id: 25
tpl_139:
  cam_R_m2c: [0.92217720, -0.38585194, -0.02658934, -0.37977913, -0.89036416, -0.25103787, 0.07318922, 0.24159901, -0.96761246]
  cam_t_m2c: [-9.00154057, 16.18699354, 620.00305311]
  obj_bb: [103, 124, 174, 161]
  obj_id: 25
tpl_140:
  cam_R_m2c: [0.95262570, -0.30294848, -0.02695525, -0.29974734, -0.92014083, -0.25197564, 0.05153310, 0.24811868, -0.96735789]
  cam_t_m2c: [-8.93665015, 16.41288006, 620.06479873]
  obj_bb: [105, 126, 175, 154]
  obj_id: 25
tpl_141:
  cam_R_m2c: [0.97529904, -0.21926699, -0.02672476, -0.21885267, -0.94281692, -0.25139645, 0.02992634, 0.25103563, -0.96751496]
  cam_t_m2c: [-8.81616255, 16.67079613, 619.99040570]
  obj_bb: [107, 130, 174, 146]
  obj_id: 25
tpl_142:
  cam_R_m2c: [0.99061834, -0.13396686, -0.02697405, -0.13643011, -0.95818417, -0.25153566, 0.00785135, 0.25285512, -0.96747224]
  cam_t_m2c: [-8.78361517, 16.91621558, 619.99651360]
  obj_bb: [110, 133, 172, 137]
  obj_id: 25
tpl_143:
  cam_R_m2c: [0.99857069, -0.04617591, -0.02689972, -0.05147269, -0.96639375, -0.25185976, -0.01436586, 0.25288415, -0.96738976]
  cam_t_m2c: [-8.72330598, 17.16918658, 619.98765424]
  obj_bb: [113, 137, 170, 127]
  obj_id: 25
tpl_144:
  cam_R_m2c: [0.99970414, 0.00195557, -0.02423309, -0.00848668, -0.90598775, -0.42321955, -0.02278246, 0.42329961, -0.90570294]
  cam_t_m2c: [-8.57809542, 9.26574334, 620.07903530]
  obj_bb: [113, 136, 170, 132]
  obj_id: 25
tpl_145:
  cam_R_m2c: [0.99567540, 0.08977626, -0.02389338, 0.07127550, -0.90316055, -0.42334414, -0.05958586, 0.41981110, -0.90565407]
  cam_t_m2c: [-8.52490236, 9.52179625, 620.13965654]
  obj_bb: [109, 131, 174, 139]
  obj_id: 25
tpl_146:
  cam_R_m2c: [0.98418698, 0.17548856, -0.02407624, 0.14905546, -0.89393462, -0.42268475, -0.09569887, 0.41241191, -0.90595704]
  cam_t_m2c: [-8.58179832, 9.76283948, 619.95610656]
  obj_bb: [107, 127, 175, 147]
  obj_id: 25
tpl_147:
  cam_R_m2c: [0.96490312, 0.26148525, -0.02425106, 0.22715123, -0.87739989, -0.42257653, -0.13177548, 0.40223698, -0.90600274]
  cam_t_m2c: [-8.64441250, 9.98313753, 619.86015393]
  obj_bb: [104, 121, 177, 156]
  obj_id: 25
tpl_148:
  cam_R_m2c: [0.93864539, 0.34403800, -0.02415415, 0.30219552, -0.85419231, -0.42312265, -0.16620270, 0.38986271, -0.90575086]
  cam_t_m2c: [-8.70912967, 10.18365111, 619.74459503]
  obj_bb: [103, 117, 176, 163]
  obj_id: 25
tpl_149:
  cam_R_m2c: [0.90532199, 0.42402843, -0.02434812, 0.37503351, -0.82499158, -0.42277395, -0.19935533, 0.37361494, -0.90590786]
  cam_t_m2c: [-8.81682589, 10.38632137, 619.58727747]
  obj_bb: [102, 114, 175, 169]
  obj_id: 25
tpl_150:
  cam_R_m2c: [0.86437560, 0.50224990, -0.02447845, 0.44635136, -0.78877187, -0.42262197, -0.23156959, 0.35437856, -0.90597570]
  cam_t_m2c: [-8.95388978, 10.56778744, 619.47342608]
  obj_bb: [101, 109, 173, 175]
  obj_id: 25
tpl_151:
  cam_R_m2c: [0.80306159, 0.59539230, -0.02449943, 0.53136403, -0.73409880, -0.42278945, -0.26971049, 0.32650803, -0.90589661]
  cam_t_m2c: [-9.11236559, 10.82325594, 619.32604832]
  obj_bb: [102, 106, 174, 181]
  obj_id: 25
tpl_152:
  cam_R_m2c: [0.76460133, 0.64403518, -0.02456981, 0.57575732, -0.69967927, -0.42302731, -0.28963540, 0.30930095, -0.90578360]
  cam_t_m2c: [-9.24059915, 10.92663235, 619.24240997]
  obj_bb: [103, 105, 173, 183]
  obj_id: 25
tpl_153:
  cam_R_m2c: [0.70576469, 0.70801990, -0.02457246, 0.63427371, -0.64694364, -0.42327410, -0.31558354, 0.28314615, -0.90566828]
  cam_t_m2c: [-9.42338761, 11.08182245, 619.12705002]
  obj_bb: [105, 102, 171, 186]
  obj_id: 25
tpl_154:
  cam_R_m2c: [0.64168119, 0.76658355, -0.02438362, 0.68789658, -0.58929229, -0.42371354, -0.33918063, 0.25511606, -0.90546788]
  cam_t_m2c: [-9.57725102, 11.24673070, 619.00832157]
  obj_bb: [108, 101, 168, 187]
  obj_id: 25
tpl_155:
  cam_R_m2c: [0.57149286, 0.82025071, -0.02418048, 0.73708384, -0.52605393, -0.42423534, -0.36069964, 0.22462431, -0.90522938]
  cam_t_m2c: [-9.75474362, 11.37825335, 618.89418383]
  obj_bb: [110, 101, 165, 187]
  obj_id: 25
tpl_156:
  cam_R_m2c: [0.49921735, 0.86614512, -0.02397632, 0.77913940, -0.46083336, -0.42494055, -0.37910935, 0.19345732, -0.90490361]
  cam_t_m2c: [-9.95337930, 11.50061016, 618.79969212]
  obj_bb: [114, 101, 159, 186]
  obj_id: 25
tpl_157:
  cam_R_m2c: [0.42075522, 0.90686172, -0.02381353, 0.81658638, -0.39004348, -0.42550250, -0.39516050, 0.15958605, -0.90464368]
  cam_t_m2c: [-10.18976115, 11.58760678, 618.71033979]
  obj_bb: [118, 100, 154, 185]
  obj_id: 25
tpl_158:
  cam_R_m2c: [0.34029148, 0.94002194, -0.02366345, 0.84709640, -0.31738235, -0.42625853, -0.40820283, 0.12500695, -0.90429214]
  cam_t_m2c: [-10.42499562, 11.70482104, 618.65436648]
  obj_bb: [123, 101, 146, 182]
  obj_id: 25
tpl_159:
  cam_R_m2c: [0.25598172, 0.96640194, -0.02323136, 0.87181834, -0.24117663, -0.42634089, -0.41761953, 0.08888188, -0.90426402]
  cam_t_m2c: [-10.65504370, 11.77424306, 618.63923974]
  obj_bb: [127, 103, 138, 180]
  obj_id: 25
tpl_160:
  cam_R_m2c: [0.17132128, 0.98495447, -0.02268111, 0.88948889, -0.16453261, -0.42630772, -0.42362562, 0.05286080, -0.90429380]
  cam_t_m2c: [-10.88356145, 11.85342909, 618.61405376]
  obj_bb: [133, 105, 130, 179]
  obj_id: 25
tpl_161:
  cam_R_m2c: [0.08375131, 0.99624442, -0.02199265, 0.90073434, -0.08512514, -0.42594855, -0.42622050, 0.01586416, -0.90448035]
  cam_t_m2c: [-11.09918622, 11.89150491, 618.64268945]
  obj_bb: [139, 108, 119, 177]
  obj_id: 25
tpl_162:
  cam_R_m2c: [-0.00158446, 0.99975645, -0.02200965, 0.90457261, -0.00795016, -0.42624621, -0.42631752, -0.02058475, -0.90433968]
  cam_t_m2c: [-11.37080034, 11.91125358, 618.56738875]
  obj_bb: [142, 111, 113, 175]
  obj_id: 25
tpl_163:
  cam_R_m2c: [-0.08931501, 0.99577398, -0.02139349, 0.90190859, 0.07174506, -0.42592757, -0.42259234, -0.05733679, -0.90450430]
  cam_t_m2c: [-11.62398786, 11.91609200, 618.66740524]
  obj_bb: [137, 108, 122, 177]
  obj_id: 25
tpl_164:
  cam_R_m2c: [-0.17507978, 0.98433146, -0.02096210, 0.89228580, 0.14963711, -0.42595240, -0.41614094, -0.09327979, -0.90450255]
  cam_t_m2c: [-11.85301158, 11.87381268, 618.67152911]
  obj_bb: [133, 106, 131, 178]
  obj_id: 25
tpl_165:
  cam_R_m2c: [-0.26130135, 0.96503277, -0.02082828, 0.87573205, 0.22793479, -0.42560511, -0.40597507, -0.12945049, -0.90466971]
  cam_t_m2c: [-12.13717998, 11.81467051, 618.70292329]
  obj_bb: [130, 103, 140, 180]
  obj_id: 25
tpl_166:
  cam_R_m2c: [-0.34399890, 0.93875362, -0.02014472, 0.85243630, 0.30322813, -0.42591687, -0.39372227, -0.16368724, -0.90453844]
  cam_t_m2c: [-12.31798431, 11.74297376, 618.74625891]
  obj_bb: [127, 102, 148, 181]
  obj_id: 25
tpl_167:
  cam_R_m2c: [-0.42434997, 0.90527739, -0.01999559, 0.82304806, 0.37641060, -0.42533207, -0.37751673, -0.19694682, -0.90481710]
  cam_t_m2c: [-12.55284340, 11.64962249, 618.77031733]
  obj_bb: [125, 100, 155, 185]
  obj_id: 25
tpl_168:
  cam_R_m2c: [-0.50139562, 0.86499024, -0.01984270, 0.78728566, 0.44660154, -0.42512260, -0.35886473, -0.22877578, -0.90491850]
  cam_t_m2c: [-12.77983363, 11.53130305, 618.83337229]
  obj_bb: [123, 100, 161, 186]
  obj_id: 25
tpl_169:
  cam_R_m2c: [-0.57597719, 0.81723088, -0.01957920, 0.74465581, 0.51464434, -0.42500387, -0.33725055, -0.25937305, -0.90497941]
  cam_t_m2c: [-12.97934713, 11.41861557, 618.90185609]
  obj_bb: [121, 100, 166, 187]
  obj_id: 25
tpl_170:
