%YAML 1.0
---
tpl_0:
  cam_K: [1076.74064739, 0.00000000, 215.98264967, 0.00000000, 1075.17825536, 149.59181836, 0.00000000, 0.00000000, 1.00000000]
  cam_R_m2c: [0.99939860, 0.01151922, -0.03270921, 0.00908361, -0.99724164, -0.07365909, -0.03346753, 0.07331767, -0.99674678]
  cam_t_m2c: [-9.36182955, 29.57068027, 627.46803893]
  elev: 85
  mode: 0
  obj_bb: [166, 167, 63, 63]
tpl_1:
  cam_K: [1076.74064739, 0.00000000, 215.98264967, 0.00000000, 1075.17825536, 149.59181836, 0.00000000, 0.00000000, 1.00000000]
  cam_R_m2c: [0.99450830, 0.09949220, -0.03248916, 0.09691904, -0.99261425, -0.07295846, -0.03950804, 0.06940900, -0.99680594]
  cam_t_m2c: [-9.52732902, 29.43709227, 627.40652109]
  elev: 85
  mode: 0
  obj_bb: [166, 167, 63, 63]
tpl_2:
  cam_K: [1076.74064739, 0.00000000, 216.98264967, 0.00000000, 1075.17825536, 149.59181836, 0.00000000, 0.00000000, 1.00000000]
  cam_R_m2c: [0.98217147, 0.18512771, -0.03266006, 0.18236879, -0.98048587, -0.07341705, -0.04561420, 0.06615198, -0.99676682]
  cam_t_m2c: [-9.70089971, 29.25784612, 627.42543882]
  elev: 85
  mode: 0
  obj_bb: [167, 167, 63, 63]
tpl_3:
  cam_K: [1076.74064739, 0.00000000, 216.98264967, 0.00000000, 1075.17825536, 149.59181836, 0.00000000, 0.00000000, 1.00000000]
  cam_R_m2c: [0.96205187, 0.27093573, -0.03241239, 0.26806780, -0.96061866, -0.07315633, -0.05095667, 0.06169148, -0.99679345]
  cam_t_m2c: [-9.81892346, 29.11608914, 627.44820834]
  elev: 85
  mode: 0
  obj_bb: [166, 167, 64, 63]
tpl_4:
  cam_K: [1076.74064739, 0.00000000, 216.98264967, 0.00000000, 1075.17825536, 150.59181836, 0.00000000, 0.00000000, 1.00000000]
  cam_R_m2c: [0.93500839, 0.35312762, -0.03255337, 0.35012184, -0.93382048, -0.07344777, -0.05633536, 0.05727663, -0.99676795]
  cam_t_m2c: [-9.97920179, 28.93041275, 627.45660100]
  elev: 85
  mode: 0
  obj_bb: [166, 167, 63, 63]
tpl_5:
  cam_K: [1076.74064739, 0.00000000, 216.98264967, 0.00000000, 1075.17825536, 150.59181836, 0.00000000, 0.00000000, 1.00000000]
  cam_R_m2c: [0.90160487, 0.43134042, -0.03248030, 0.42825809, -0.90068061, -0.07327215, -0.06085959, 0.05215258, -0.99678247]
  cam_t_m2c: [-10.08247443, 28.74976367, 627.41107158]
  elev: 85
  mode: 0
  obj_bb: [166, 167, 63, 63]
tpl_6:
  cam_K: [1076.74064739, 0.00000000, 216.98264967, 0.00000000, 1075.17825536, 150.59181836, 0.00000000, 0.00000000, 1.00000000]
  cam_R_m2c: [0.86002912, 0.50921449, -0.03240093, 0.50608142, -0.85938600, -0.07306293, -0.06504962, 0.04643878, -0.99680120]
  cam_t_m2c: [-10.16466956, 28.55165903, 627.35988913]
  elev: 85
  mode: 0
  obj_bb: [166, 167, 63, 63]
tpl_7:
  cam_K: [1076.74064739, 0.00000000, 217.98264967, 0.00000000, 1075.17825536, 151.59181836, 0.00000000, 0.00000000, 1.00000000]
  cam_R_m2c: [0.81268012, 0.58181498, -0.03227943, 0.57862083, -0.81228984, -0.07337182, -0.06890912, 0.04095031, -0.99678207]
  cam_t_m2c: [-10.23717894, 28.34838902, 627.36949334]
  elev: 85
  mode: 0
  obj_bb: [167, 167, 63, 63]
tpl_8:
  cam_K: [1076.74064739, 0.00000000, 217.98264967, 0.00000000, 1075.17825536, 151.59181836, 0.00000000, 0.00000000, 1.00000000]
  cam_R_m2c: [0.75829074, 0.65112844, -0.03204766, 0.64789398, -0.75815331, -0.07373828, -0.07231008, 0.03515156, -0.99676255]
  cam_t_m2c: [-10.27056563, 28.12489045, 627.35721937]
  elev: 85
  mode: 0
  obj_bb: [167, 167, 63, 63]
tpl_9:
  cam_K: [1076.74064739, 0.00000000, 217.98264967, 0.00000000, 1075.17825536, 151.59181836, 0.00000000, 0.00000000, 1.00000000]
  cam_R_m2c: [0.69887765, 0.71453008, -0.03188022, 0.71128152, -0.69900181, -0.07399439, -0.07515561, 0.02903722, -0.99674899]
  cam_t_m2c: [-10.30279282, 27.92465025, 627.35082279]
  elev: 85
  mode: 0
  obj_bb: [167, 166, 63, 63]
tpl_10:
  cam_K: [1076.74064739, 0.00000000, 217.98264967, 0.00000000, 1075.17825536, 152.59181836, 0.00000000, 0.00000000, 1.00000000]
  cam_R_m2c: [0.63428616, 0.77245269, -0.03156894, 0.76921726, -0.63466290, -0.07421996, -0.07736704, 0.02279334, -0.99674166]
  cam_t_m2c: [-10.30296963, 27.70462533, 627.34205054]
  elev: 85
  mode: 0
  obj_bb: [167, 167, 63, 63]
tpl_11:
  cam_K: [1076.74064739, 0.00000000, 217.98264967, 0.00000000, 1075.17825536, 152.59181836, 0.00000000, 0.00000000, 1.00000000]
  cam_R_m2c: [0.56367734, 0.82540205, -0.03130357, 0.82220596, -0.56431431, -0.07434079, -0.07902612, 0.01616622, -0.99674127]
  cam_t_m2c: [-10.28704285, 27.50181027, 627.33820021]
  elev: 85
  mode: 0
  obj_bb: [167, 167, 63, 63]
tpl_12:
  cam_K: [1076.74064739, 0.00000000, 217.98264967, 0.00000000, 1075.17825536, 152.59181836, 0.00000000, 0.00000000, 1.00000000]
  cam_R_m2c: [0.49001817, 0.87116181, -0.03097468, 0.86800534, -0.49089918, -0.07473414, -0.08031094, 0.00973492, -0.99672218]
  cam_t_m2c: [-10.24491903, 27.28560289, 627.32653879]
  elev: 85
  mode: 0
  obj_bb: [167, 166, 63, 63]
tpl_13:
  cam_K: [1076.74064739, 0.00000000, 217.98264967, 0.00000000, 1075.17825536, 153.59181836, 0.00000000, 0.00000000, 1.00000000]
  cam_R_m2c: [0.41123834, 0.91100245, -0.03094439, 0.90789366, -0.41239160, -0.07524626, -0.08131070, 0.00284991, -0.99668511]
  cam_t_m2c: [-10.25527635, 27.06770740, 627.36780357]
  elev: 85
  mode: 0
  obj_bb: [167, 167, 63, 63]
tpl_14:
  cam_K: [1076.74064739, 0.00000000, 217.98264967, 0.00000000, 1075.17825536, 153.59181836, 0.00000000, 0.00000000, 1.00000000]
  cam_R_m2c: [0.33085189, 0.94317708, -0.03089327, 0.94016008, -0.33226612, -0.07548777, -0.08146311, -0.00406933, -0.99666801]
  cam_t_m2c: [-10.23652710, 26.84617765, 627.33804366]
  elev: 85
  mode: 0
  obj_bb: [167, 167, 63, 63]
tpl_15:
  cam_K: [1076.74064739, 0.00000000, 217.98264967, 0.00000000, 1075.17825536, 154.59181836, 0.00000000, 0.00000000, 1.00000000]
  cam_R_m2c: [0.24943594, 0.96791063, -0.03051020, 0.96494131, -0.25108121, -0.07646579, -0.08167256, -0.01036725, -0.99660566]
  cam_t_m2c: [-10.15143363, 26.62808407, 627.43906465]
  elev: 85
  mode: 0
  obj_bb: [167, 167, 63, 63]
tpl_16:
  cam_K: [1076.74064739, 0.00000000, 216.98264967, 0.00000000, 1075.17825536, 154.59181836, 0.00000000, 0.00000000, 1.00000000]
  cam_R_m2c: [0.16157475, 0.98638724, -0.03055672, 0.98359311, -0.16348082, -0.07628453, -0.08024159, -0.01772968, -0.99661810]
  cam_t_m2c: [-10.12647827, 26.40443328, 627.40205345]
  elev: 85
  mode: 0
  obj_bb: [166, 167, 63, 63]
tpl_17:
  cam_K: [1076.74064739, 0.00000000, 216.98264967, 0.00000000, 1075.17825536, 154.59181836, 0.00000000, 0.00000000, 1.00000000]
  cam_R_m2c: [0.07552248, 0.99670087, -0.02971755, 0.99405237, -0.07760004, -0.07641107, -0.07846509, -0.02377006, -0.99663367]
  cam_t_m2c: [-9.93597838, 26.22054794, 627.42331232]
  elev: 85
  mode: 0
  obj_bb: [166, 166, 63, 63]
tpl_18:
  cam_K: [1076.74064739, 0.00000000, 216.98264967, 0.00000000, 1075.17825536, 155.59181836, 0.00000000, 0.00000000, 1.00000000]
  cam_R_m2c: [-0.01097510, 0.99948716, -0.03006650, 0.99704360, 0.00865157, -0.07634923, -0.07605003, -0.03081550, -0.99662753]
  cam_t_m2c: [-9.92713566, 26.01681361, 627.40204423]
  elev: 85
  mode: 0
  obj_bb: [166, 167, 63, 63]
tpl_19:
  cam_K: [1076.74064739, 0.00000000, 216.98264967, 0.00000000, 1075.17825536, 155.59181836, 0.00000000, 0.00000000, 1.00000000]
  cam_R_m2c: [-0.09900784, 0.99465319, -0.02937555, 0.99240639, 0.09653261, -0.07622807, -0.07298483, -0.03669965, -0.99665759]
  cam_t_m2c: [-9.73233833, 25.80722768, 627.38001911]
  elev: 85
  mode: 0
  obj_bb: [167, 167, 63, 63]
tpl_20:
  cam_K: [1076.74064739, 0.00000000, 216.98264967, 0.00000000, 1075.17825536, 155.59181836, 0.00000000, 0.00000000, 1.00000000]
  cam_R_m2c: [-0.18472539, 0.98235048, -0.02940683, 0.98033695, 0.18206941, -0.07608751, -0.06939044, -0.04288394, -0.99666752]
  cam_t_m2c: [-9.63358810, 25.62969916, 627.34369604]
  elev: 85
  mode: 0
  obj_bb: [167, 166, 63, 63]
tpl_21:
  cam_K: [1076.74064739, 0.00000000, 215.98264967, 0.00000000, 1075.17825536, 156.59181836, 0.00000000, 0.00000000, 1.00000000]
  cam_R_m2c: [-0.27067072, 0.96224056, -0.02881470, 0.96046632, 0.26790507, -0.07571210, -0.06513369, -0.04816860, -0.99671370]
  cam_t_m2c: [-9.41158170, 25.47654449, 627.33289604]
  elev: 85
  mode: 0
  obj_bb: [166, 167, 63, 63]
tpl_22:
  cam_K: [1076.74064739, 0.00000000, 215.98264967, 0.00000000, 1075.17825536, 156.59181836, 0.00000000, 0.00000000, 1.00000000]
  cam_R_m2c: [-0.35302384, 0.93516857, -0.02887594, 0.93362959, 0.35009833, -0.07594311, -0.06091016, -0.05376913, -0.99669378]
  cam_t_m2c: [-9.28669972, 25.29637190, 627.31755923]
  elev: 85
  mode: 0
  obj_bb: [167, 167, 63, 63]
tpl_23:
  cam_K: [1076.74064739, 0.00000000, 215.98264967, 0.00000000, 1075.17825536, 156.59181836, 0.00000000, 0.00000000, 1.00000000]
  cam_R_m2c: [-0.43278439, 0.90104904, -0.02843615, 0.89976492, 0.42978345, -0.07555294, -0.05585558, -0.05828396, -0.99673670]
  cam_t_m2c: [-9.06483103, 25.17033898, 627.31561141]
  elev: 85
  mode: 0
  obj_bb: [167, 167, 63, 63]
tpl_24:
  cam_K: [1076.74064739, 0.00000000, 214.98264967, 0.00000000, 1075.17825536, 156.59181836, 0.00000000, 0.00000000, 1.00000000]
  cam_R_m2c: [-0.50951697, 0.86000434, -0.02801805, 0.85897604, 0.50645653, -0.07524368, -0.05052001, -0.06240476, -0.99677157]
  cam_t_m2c: [-8.83716661, 25.05425695, 627.29934288]
  elev: 85
  mode: 0
  obj_bb: [166, 166, 63, 63]
tpl_25:
  cam_K: [1076.74064739, 0.00000000, 214.98264967, 0.00000000, 1075.17825536, 157.59181836, 0.00000000, 0.00000000, 1.00000000]
  cam_R_m2c: [-0.58230824, 0.81249953, -0.02761031, 0.81173064, 0.57921223, -0.07487584, -0.04484431, -0.06601285, -0.99681060]
  cam_t_m2c: [-8.58931058, 24.98441570, 627.28220572]
  elev: 85
  mode: 0
  obj_bb: [167, 167, 63, 63]
tpl_26:
  cam_K: [1076.74064739, 0.00000000, 214.98264967, 0.00000000, 1075.17825536, 157.59181836, 0.00000000, 0.00000000, 1.00000000]
  cam_R_m2c: [-0.65068932, 0.75885744, -0.02717073, 0.75833180, 0.64755917, -0.07483488, -0.03919438, -0.06929863, -0.99682552]
  cam_t_m2c: [-8.32442638, 24.91556392, 627.29849212]
  elev: 85
  mode: 0
  obj_bb: [167, 167, 63, 63]
tpl_27:
  cam_K: [1076.74064739, 0.00000000, 213.98264967, 0.00000000, 1075.17825536, 157.59181836, 0.00000000, 0.00000000, 1.00000000]
  cam_R_m2c: [-0.71317198, 0.70047519, -0.02684503, 0.70019936, 0.71002721, -0.07472207, -0.03328028, -0.07208647, -0.99684333]
  cam_t_m2c: [-8.06449167, 24.88196259, 627.29400472]
  elev: 85
  mode: 0
  obj_bb: [167, 167, 63, 63]
tpl_28:
  cam_K: [1076.74064739, 0.00000000, 213.98264967, 0.00000000, 1075.17825536, 157.59181836, 0.00000000, 0.00000000, 1.00000000]
  cam_R_m2c: [-0.77324621, 0.63354938, -0.02655866, 0.63353636, 0.77010147, -0.07466903, -0.02685363, -0.07456345, -0.99685492]
  cam_t_m2c: [-7.81127551, 24.85311528, 627.31911349]
  elev: 85
  mode: 0
  obj_bb: [167, 167, 63, 63]
tpl_29:
  cam_K: [1076.74064739, 0.00000000, 212.98264967, 0.00000000, 1075.17825536, 157.59181836, 0.00000000, 0.00000000, 1.00000000]
  cam_R_m2c: [-0.82544832, 0.56386810, -0.02621793, 0.56410959, 0.82234600, -0.07434022, -0.02035780, -0.07615381, -0.99688868]
  cam_t_m2c: [-7.53185166, 24.87394418, 627.31650643]
  elev: 85
  mode: 0
  obj_bb: [167, 167, 63, 63]
tpl_30:
  cam_K: [1076.74064739, 0.00000000, 212.98264967, 0.00000000, 1075.17825536, 157.59181836, 0.00000000, 0.00000000, 1.00000000]
  cam_R_m2c: [-0.87205928, 0.48870593, -0.02605826, 0.48920411, 0.86896874, -0.07465284, -0.01383946, -0.07784948, -0.99686954]
  cam_t_m2c: [-7.30152885, 24.89127084, 627.37368399]
  elev: 85
  mode: 0
  obj_bb: [167, 167, 63, 63]
tpl_31:
  cam_K: [1076.74064739, 0.00000000, 211.98264967, 0.00000000, 1075.17825536, 157.59181836, 0.00000000, 0.00000000, 1.00000000]
  cam_R_m2c: [-0.91066391, 0.41233918, -0.02584959, 0.41308258, 0.90760658, -0.07491731, -0.00743008, -0.07890244, -0.99685497]
  cam_t_m2c: [-7.05267477, 24.91883499, 627.40806346]
  elev: 85
  mode: 0
  obj_bb: [167, 167, 63, 63]
tpl_32:
  cam_K: [1076.74064739, 0.00000000, 211.98264967, 0.00000000, 1075.17825536, 157.59181836, 0.00000000, 0.00000000, 1.00000000]
  cam_R_m2c: [-0.94352722, 0.33028386, -0.02588022, 0.33129614, 0.94054689, -0.07492445, -0.00040476, -0.07926729, -0.99685351]
  cam_t_m2c: [-6.84682801, 24.98780937, 627.44495739]
  elev: 85
  mode: 0
  obj_bb: [167, 167, 63, 63]
tpl_33:
  cam_K: [1076.74064739, 0.00000000, 211.98264967, 0.00000000, 1075.17825536, 157.59181836, 0.00000000, 0.00000000, 1.00000000]
  cam_R_m2c: [-0.96868441, 0.24696822, -0.02562692, 0.24821848, 0.96576565, -0.07538835, 0.00613103, -0.07938863, -0.99682533]
  cam_t_m2c: [-6.60511731, 25.04633817, 627.55467926]
  elev: 85
  mode: 0
  obj_bb: [167, 167, 63, 63]
tpl_34:
  cam_K: [1076.74064739, 0.00000000, 210.98264967, 0.00000000, 1075.17825536, 156.59181836, 0.00000000, 0.00000000, 1.00000000]
  cam_R_m2c: [-0.98671990, 0.16043419, -0.02537457, 0.16191514, 0.98393790, -0.07516483, 0.01290796, -0.07827520, -0.99684791]
  cam_t_m2c: [-6.38493554, 25.17138437, 627.56530755]
  elev: 85
  mode: 0
  obj_bb: [167, 167, 63, 63]
tpl_35:
  cam_K: [1076.74064739, 0.00000000, 210.98264967, 0.00000000, 1075.17825536, 156.59181836, 0.00000000, 0.00000000, 1.00000000]
  cam_R_m2c: [-0.99693747, 0.07408889, -0.02501979, 0.07577828, 0.99428802, -0.07516157, 0.01930824, -0.07682741, -0.99685716]
  cam_t_m2c: [-6.15575478, 25.27376728, 627.58918156]
  elev: 85
  mode: 0
  obj_bb: [167, 167, 63, 63]
tpl_36:
  cam_K: [1076.74064739, 0.00000000, 209.98264967, 0.00000000, 1075.17825536, 156.59181836, 0.00000000, 0.00000000, 1.00000000]
  cam_R_m2c: [-0.99958551, -0.01408913, -0.02510795, -0.01215918, 0.99707755, -0.07542619, 0.02609727, -0.07508970, -0.99683475]
  cam_t_m2c: [-5.99066811, 25.39948218, 627.64354484]
  elev: 85
  mode: 0
  obj_bb: [167, 167, 63, 63]
tpl_37:
  cam_K: [1076.74064739, 0.00000000, 209.98264967, 0.00000000, 1075.17825536, 156.59181836, 0.00000000, 0.00000000, 1.00000000]
  cam_R_m2c: [-0.99459386, -0.10082791, -0.02484177, -0.09872317, 0.99229084, -0.07491276, 0.03220350, -0.07205522, -0.99688088]
  cam_t_m2c: [-5.80332173, 25.52984812, 627.62164945]
  elev: 85
  mode: 0
  obj_bb: [167, 167, 63, 63]
tpl_38:
  cam_K: [1076.74064739, 0.00000000, 209.98264967, 0.00000000, 1075.17825536, 156.59181836, 0.00000000, 0.00000000, 1.00000000]
  cam_R_m2c: [-0.98183001, -0.18809816, -0.02506887, -0.18579231, 0.97974579, -0.07469095, 0.03861034, -0.06867625, -0.99689203]
  cam_t_m2c: [-5.68932286, 25.71565491, 627.58333296]
  elev: 85
  mode: 0
  obj_bb: [167, 168, 63, 62]
tpl_39:
  cam_K: [1076.74064739, 0.00000000, 209.98264967, 0.00000000, 1075.17825536, 155.59181836, 0.00000000, 0.00000000, 1.00000000]
  cam_R_m2c: [-0.96224894, -0.27101029, -0.02509298, -0.26855418, 0.96040016, -0.07423058, 0.04421653, -0.06468955, -0.99692535]
  cam_t_m2c: [-5.56581791, 25.86704564, 627.56504842]
  elev: 85
  mode: 0
  obj_bb: [167, 167, 63, 63]
tpl_40:
  cam_K: [1076.74064739, 0.00000000, 208.98264967, 0.00000000, 1075.17825536, 155.59181836, 0.00000000, 0.00000000, 1.00000000]
  cam_R_m2c: [-0.93460759, -0.35480190, -0.02500048, -0.35220934, 0.93299195, -0.07398469, 0.04957517, -0.06034125, -0.99694579]
  cam_t_m2c: [-5.44282972, 26.07595766, 627.51690004]
  elev: 85
  mode: 0
  obj_bb: [166, 167, 63, 63]
tpl_41:
  cam_K: [1076.74064739, 0.00000000, 208.98264967, 0.00000000, 1075.17825536, 155.59181836, 0.00000000, 0.00000000, 1.00000000]
  cam_R_m2c: [-0.90033151, -0.43448624, -0.02500859, -0.43180280, 0.89898851, -0.07325158, 0.05430914, -0.05515187, -0.99700000]
  cam_t_m2c: [-5.33277540, 26.26454690, 627.48306931]
  elev: 85
  mode: 0
  obj_bb: [167, 168, 63, 63]
tpl_42:
  cam_K: [1076.74064739, 0.00000000, 208.98264967, 0.00000000, 1075.17825536, 154.59181836, 0.00000000, 0.00000000, 1.00000000]
  cam_R_m2c: [-0.86016229, -0.50940018, -0.02515037, -0.50664594, 0.85909485, -0.07256000, 0.05856867, -0.04967102, -0.99704653]
  cam_t_m2c: [-5.26516001, 26.44530062, 627.36940127]
  elev: 85
  mode: 0
  obj_bb: [167, 167, 63, 63]
tpl_43:
  cam_K: [1076.74064739, 0.00000000, 208.98264967, 0.00000000, 1075.17825536, 154.59181836, 0.00000000, 0.00000000, 1.00000000]
  cam_R_m2c: [-0.81100030, -0.58450785, -0.02508135, -0.58170833, 0.81020466, -0.07199891, 0.06240497, -0.04380110, -0.99708956]
  cam_t_m2c: [-5.16703790, 26.67982982, 627.34363002]
  elev: 85
  mode: 0
  obj_bb: [167, 167, 63, 63]
tpl_44:
  cam_K: [1076.74064739, 0.00000000, 208.98264967, 0.00000000, 1075.17825536, 153.59181836, 0.00000000, 0.00000000, 1.00000000]
  cam_R_m2c: [-0.75733538, -0.65255041, -0.02492221, -0.64972544, 0.75679122, -0.07158729, 0.06557519, -0.03802300, -0.99712327]
  cam_t_m2c: [-5.06242314, 26.90133049, 627.30259276]
  elev: 85
  mode: 0
  obj_bb: [167, 167, 63, 63]
tpl_45:
  cam_K: [1076.74064739, 0.00000000, 208.98264967, 0.00000000, 1075.17825536, 153.59181836, 0.00000000, 0.00000000, 1.00000000]
  cam_R_m2c: [-0.69787200, -0.71578591, -0.02498161, -0.71295878, 0.69759600, -0.07106092, 0.06829157, -0.03178058, -0.99715937]
  cam_t_m2c: [-5.01354431, 27.14462144, 627.25519795]
  elev: 85
  mode: 0
  obj_bb: [167, 167, 63, 63]
tpl_46:
  cam_K: [1076.74064739, 0.00000000, 208.98264967, 0.00000000, 1075.17825536, 153.59181836, 0.00000000, 0.00000000, 1.00000000]
  cam_R_m2c: [-0.63215238, -0.77443741, -0.02508337, -0.77163771, 0.63214896, -0.07044633, 0.07041276, -0.02517746, -0.99720037]
  cam_t_m2c: [-4.99231341, 27.38669412, 627.22255144]
  elev: 85
  mode: 0
  obj_bb: [167, 168, 63, 63]
tpl_47:
  cam_K: [1076.74064739, 0.00000000, 208.98264967, 0.00000000, 1075.17825536, 152.59181836, 0.00000000, 0.00000000, 1.00000000]
  cam_R_m2c: [-0.56275518, -0.82623835, -0.02522455, -0.82349403, 0.56301670, -0.06978797, 0.07186342, -0.01850127, -0.99724302]
  cam_t_m2c: [-4.98318865, 27.65786295, 627.19011114]
  elev: 85
  mode: 0
  obj_bb: [167, 167, 63, 63]
tpl_48:
  cam_K: [1076.74064739, 0.00000000, 208.98264967, 0.00000000, 1075.17825536, 152.59181836, 0.00000000, 0.00000000, 1.00000000]
  cam_R_m2c: [-0.49068385, -0.87096510, -0.02546802, -0.86826396, 0.49119676, -0.06959311, 0.07312298, -0.01203527, -0.99725002]
  cam_t_m2c: [-4.99420518, 27.90319067, 627.17313098]
  elev: 85
  mode: 0
  obj_bb: [167, 168, 63, 63]
tpl_49:
  cam_K: [1076.74064739, 0.00000000, 208.98264967, 0.00000000, 1075.17825536, 151.59181836, 0.00000000, 0.00000000, 1.00000000]
  cam_R_m2c: [-0.41215355, -0.91074536, -0.02594304, -0.90812342, 0.41293872, -0.06923009, 0.07376386, -0.00497399, -0.99726382]
  cam_t_m2c: [-5.08116799, 28.15566335, 627.11859225]
  elev: 85
  mode: 0
  obj_bb: [167, 167, 63, 63]
tpl_50:
  cam_K: [1076.74064739, 0.00000000, 208.98264967, 0.00000000, 1075.17825536, 151.59181836, 0.00000000, 0.00000000, 1.00000000]
  cam_R_m2c: [-0.33199063, -0.94291107, -0.02646639, -0.94037829, 0.33303806, -0.06910181, 0.07397119, 0.00194724, -0.99725812]
  cam_t_m2c: [-5.17870677, 28.39674476, 627.13504634]
  elev: 85
  mode: 0
  obj_bb: [167, 167, 63, 63]
tpl_51:
  cam_K: [1076.74064739, 0.00000000, 208.98264967, 0.00000000, 1075.17825536, 151.59181836, 0.00000000, 0.00000000, 1.00000000]
  cam_R_m2c: [-0.24632956, -0.96881324, -0.02686875, -0.96637669, 0.24762985, -0.06924340, 0.07373750, 0.00890868, -0.99723788]
  cam_t_m2c: [-5.28184331, 28.62095780, 627.16614096]
  elev: 85
  mode: 0
  obj_bb: [167, 168, 63, 63]
tpl_52:
  cam_K: [1076.74064739, 0.00000000, 208.98264967, 0.00000000, 1075.17825536, 150.59181836, 0.00000000, 0.00000000, 1.00000000]
  cam_R_m2c: [-0.16335636, -0.98618097, -0.02758290, -0.98391239, 0.16490364, -0.06872476, 0.07232354, 0.01591255, -0.99725452]
  cam_t_m2c: [-5.45174802, 28.82999793, 627.10461510]
  elev: 85
  mode: 0
  obj_bb: [166, 167, 63, 63]
tpl_53:
  cam_K: [1076.74064739, 0.00000000, 208.98264967, 0.00000000, 1075.17825536, 150.59181836, 0.00000000, 0.00000000, 1.00000000]
  cam_R_m2c: [-0.07758114, -0.99660376, -0.02761520, -0.99447119, 0.07932194, -0.06881754, 0.07077434, 0.02212357, -0.99724673]
  cam_t_m2c: [-5.52363003, 29.01324047, 627.11880621]
  elev: 85
  mode: 0
  obj_bb: [166, 168, 63, 63]
tpl_54:
  cam_K: [1076.74064739, 0.00000000, 209.98264967, 0.00000000, 1075.17825536, 149.59181836, 0.00000000, 0.00000000, 1.00000000]
  cam_R_m2c: [0.01018654, -0.99953334, -0.02878451, -0.99761060, -0.00819126, -0.06860374, 0.06833597, 0.02941455, -0.99722878]
  cam_t_m2c: [-5.80031111, 29.20909057, 627.06158073]
  elev: 85
  mode: 0
  obj_bb: [167, 167, 63, 63]
tpl_55:
  cam_K: [1076.74064739, 0.00000000, 209.98264967, 0.00000000, 1075.17825536, 149.59181836, 0.00000000, 0.00000000, 1.00000000]
  cam_R_m2c: [0.09656865, -0.99490746, -0.02887491, -0.99316395, -0.09440699, -0.06864934, 0.06557377, 0.03530680, -0.99722277]
  cam_t_m2c: [-5.90611703, 29.33453823, 627.06467986]
  elev: 85
  mode: 0
  obj_bb: [166, 167, 64, 63]
tpl_56:
  cam_K: [1076.74064739, 0.00000000, 209.98264967, 0.00000000, 1075.17825536, 149.59181836, 0.00000000, 0.00000000, 1.00000000]
  cam_R_m2c: [0.18208504, -0.98284325, -0.02940504, -0.98132226, -0.17975278, -0.06852169, 0.06206041, 0.04133254, -0.99721614]
  cam_t_m2c: [-6.10106747, 29.48318706, 626.98503200]
  elev: 85
  mode: 0
  obj_bb: [166, 167, 63, 63]
tpl_57:
  cam_K: [1076.74064739, 0.00000000, 210.98264967, 0.00000000, 1075.17825536, 149.59181836, 0.00000000, 0.00000000, 1.00000000]
  cam_R_m2c: [0.26780003, -0.96301234, -0.02982678, -0.96171595, -0.26531376, -0.06863506, 0.05818299, 0.04706542, -0.99719626]
  cam_t_m2c: [-6.29199037, 29.60969261, 626.95431159]
  elev: 85
  mode: 0
  obj_bb: [167, 168, 63, 63]
tpl_58:
  cam_K: [1076.74064739, 0.00000000, 210.98264967, 0.00000000, 1075.17825536, 149.59181836, 0.00000000, 0.00000000, 1.00000000]
  cam_R_m2c: [0.34999155, -0.93626157, -0.03032201, -0.93520027, -0.34736537, -0.06882862, 0.05390887, 0.05244660, -0.99716801]
  cam_t_m2c: [-6.51426412, 29.71129166, 626.93244471]
  elev: 85
  mode: 0
  obj_bb: [166, 168, 63, 63]
tpl_59:
  cam_K: [1076.74064739, 0.00000000, 210.98264967, 0.00000000, 1075.17825536, 148.59181836, 0.00000000, 0.00000000, 1.00000000]
  cam_R_m2c: [0.42964248, -0.90247816, -0.03067573, -0.90167462, -0.42692452, -0.06869670, 0.04890099, 0.05717454, -0.99716625]
  cam_t_m2c: [-6.70741476, 29.80693358, 626.91482772]
  elev: 85
  mode: 0
  obj_bb: [166, 167, 63, 63]
tpl_60:
  cam_K: [1076.74064739, 0.00000000, 211.98264967, 0.00000000, 1075.17825536, 148.59181836, 0.00000000, 0.00000000, 1.00000000]
  cam_R_m2c: [0.50743803, -0.86113206, -0.03094662, -0.86057380, -0.50462923, -0.06901161, 0.04381158, 0.06165098, -0.99713621]
  cam_t_m2c: [-6.91074505, 29.86821442, 626.91342648]
  elev: 85
  mode: 0
  obj_bb: [167, 167, 63, 63]
tpl_61:
  cam_K: [1076.74064739, 0.00000000, 211.98264967, 0.00000000, 1075.17825536, 148.59181836, 0.00000000, 0.00000000, 1.00000000]
  cam_R_m2c: [0.58138188, -0.81303837, -0.03105025, -0.81273517, -0.57852851, -0.06904059, 0.03816919, 0.06537450, -0.99713029]
  cam_t_m2c: [-7.09029719, 29.93167359, 626.88036847]
  elev: 85
  mode: 0
  obj_bb: [166, 167, 63, 63]
tpl_62:
  cam_K: [1076.74064739, 0.00000000, 211.98264967, 0.00000000, 1075.17825536, 148.59181836, 0.00000000, 0.00000000, 1.00000000]
  cam_R_m2c: [0.64963144, -0.75961301, -0.03111508, -0.75954630, -0.64672674, -0.06952321, 0.03268767, 0.06879775, -0.99709495]
  cam_t_m2c: [-7.27293815, 29.98444535, 626.90749382]
  elev: 85
  mode: 0
  obj_bb: [166, 167, 63, 63]
tpl_63:
  cam_K: [1076.74064739, 0.00000000, 212.98264967, 0.00000000, 1075.17825536, 148.59181836, 0.00000000, 0.00000000, 1.00000000]
  cam_R_m2c: [0.71304398, -0.70042093, -0.03129067, -0.70061526, -0.71012793, -0.06968256, 0.02658676, 0.07160937, -0.99707848]
  cam_t_m2c: [-7.46714934, 30.01809253, 626.90600680]
  elev: 85
  mode: 0
  obj_bb: [167, 167, 63, 63]
tpl_64:
  cam_K: [1076.74064739, 0.00000000, 212.98264967, 0.00000000, 1075.17825536, 148.59181836, 0.00000000, 0.00000000, 1.00000000]
  cam_R_m2c: [0.77206242, -0.63477181, -0.03135933, -0.63522552, -0.76916671, -0.06979600, 0.02018401, 0.07380719, -0.99706800]
  cam_t_m2c: [-7.66420332, 30.03872620, 626.90815842]
  elev: 85
  mode: 0
  obj_bb: [166, 167, 63, 63]
tpl_65:
  cam_K: [1076.74064739, 0.00000000, 212.98264967, 0.00000000, 1075.17825536, 148.59181836, 0.00000000, 0.00000000, 1.00000000]
  cam_R_m2c: [0.82261688, -0.56772504, -0.03146537, -0.56842391, -0.81974095, -0.07013474, 0.01402390, 0.07557969, -0.99704139]
  cam_t_m2c: [-7.84973106, 30.04497055, 626.94116771]
  elev: 85
  mode: 0
  obj_bb: [166, 167, 63, 63]
tpl_66:
  cam_K: [1076.74064739, 0.00000000, 213.98264967, 0.00000000, 1075.17825536, 148.59181836, 0.00000000, 0.00000000, 1.00000000]
  cam_R_m2c: [0.87024177, -0.49160951, -0.03161023, -0.49257042, -0.86739747, -0.07068590, 0.00733120, 0.07708409, -0.99699794]
  cam_t_m2c: [-8.07514620, 30.02187829, 626.97727643]
  elev: 85
  mode: 0
  obj_bb: [167, 167, 63, 63]
tpl_67:
  cam_K: [1076.74064739, 0.00000000, 213.98264967, 0.00000000, 1075.17825536, 148.59181836, 0.00000000, 0.00000000, 1.00000000]
  cam_R_m2c: [0.90961595, -0.41421909, -0.03197072, -0.41545090, -0.90680193, -0.07148747, 0.00062031, 0.07830836, -0.99692945]
  cam_t_m2c: [-8.31770724, 29.98460742, 627.08849805]
  elev: 85
  mode: 0
  obj_bb: [166, 167, 63, 63]
tpl_68:
  cam_K: [1076.74064739, 0.00000000, 213.98264967, 0.00000000, 1075.17825536, 148.59181836, 0.00000000, 0.00000000, 1.00000000]
  cam_R_m2c: [0.94212418, -0.33371679, -0.03216575, -0.33520644, -0.93938614, -0.07205003, -0.00617181, 0.07866223, -0.99688272]
  cam_t_m2c: [-8.52628860, 29.91513334, 627.15002812]
  elev: 85
  mode: 0
  obj_bb: [166, 167, 63, 63]
tpl_69:
  cam_K: [1076.74064739, 0.00000000, 214.98264967, 0.00000000, 1075.17825536, 148.59181836, 0.00000000, 0.00000000, 1.00000000]
  cam_R_m2c: [0.96751936, -0.25075237, -0.03209800, -0.25246905, -0.96491498, -0.07209466, -0.01289391, 0.07785668, -0.99688131]
  cam_t_m2c: [-8.72240977, 29.85827248, 627.20636081]
  elev: 85
  mode: 0
  obj_bb: [166, 167, 63, 63]
tpl_70:
  cam_K: [1076.74064739, 0.00000000, 214.98264967, 0.00000000, 1075.17825536, 148.59181836, 0.00000000, 0.00000000, 1.00000000]
  cam_R_m2c: [0.98583811, -0.16457236, -0.03223026, -0.16653263, -0.98335583, -0.07264862, -0.01973790, 0.07698717, -0.99683647]
  cam_t_m2c: [-8.92669216, 29.75011649, 627.26120423]
  elev: 85
  mode: 0
  obj_bb: [166, 167, 63, 63]
tpl_71:
  cam_K: [1076.74064739, 0.00000000, 214.98264967, 0.00000000, 1075.17825536, 148.59181836, 0.00000000, 0.00000000, 1.00000000]
  cam_R_m2c: [0.99638612, -0.07864482, -0.03209461, -0.08080604, -0.99406982, -0.07277057, -0.02618129, 0.07510097, -0.99683210]
  cam_t_m2c: [-9.09236935, 29.66097346, 627.33868000]
  elev: 85
  mode: 0
  obj_bb: [166, 167, 63, 63]
tpl_72:
  cam_K: [1076.74064739, 0.00000000, 214.98264967, 0.00000000, 1075.17825536, 162.59181836, 0.00000000, 0.00000000, 1.00000000]
  cam_R_m2c: [0.99917406, -0.02806523, -0.02936933, -0.03439670, -0.96913984, -0.24410176, -0.02161215, 0.24490966, -0.96930449]
  cam_t_m2c: [-8.96775429, 21.88987113, 625.62335325]
  elev: 75
  mode: 0
  obj_bb: [166, 161, 63, 67]
tpl_73:
  cam_K: [1076.74064739, 0.00000000, 215.98264967, 0.00000000, 1075.17825536, 162.59181836, 0.00000000, 0.00000000, 1.00000000]
  cam_R_m2c: [0.99773618, 0.06014325, -0.03008532, 0.05103414, -0.96851389, -0.24367188, -0.04379330, 0.24158512, -0.96939127]
  cam_t_m2c: [-9.25869847, 21.72720993, 625.78648053]
  elev: 75
  mode: 0
  obj_bb: [166, 161, 64, 67]
tpl_74:
  cam_K: [1076.74064739, 0.00000000, 215.98264967, 0.00000000, 1075.17825536, 162.59181836, 0.00000000, 0.00000000, 1.00000000]
  cam_R_m2c: [0.98879972, 0.14618749, -0.03006486, 0.13461749, -0.96056942, -0.24327911, -0.06444389, 0.23650748, -0.96949051]
  cam_t_m2c: [-9.41539404, 21.60154584, 625.78336883]
  elev: 75
  mode: 0
  obj_bb: [166, 161, 63, 67]
tpl_75:
  cam_K: [1076.74064739, 0.00000000, 215.98264967, 0.00000000, 1075.17825536, 162.59181836, 0.00000000, 0.00000000, 1.00000000]
  cam_R_m2c: [0.97249432, 0.23096146, -0.03018136, 0.21696610, -0.94536318, -0.24333959, -0.08473456, 0.23009832, -0.96947109]
  cam_t_m2c: [-9.59247112, 21.43261900, 625.83730886]
  elev: 75
  mode: 0
  obj_bb: [166, 161, 63, 67]
tpl_76:
  cam_K: [1076.74064739, 0.00000000, 216.98264967, 0.00000000, 1075.17825536, 163.59181836, 0.00000000, 0.00000000, 1.00000000]
  cam_R_m2c: [0.94887612, 0.31420044, -0.03021934, 0.29792105, -0.92310141, -0.24316177, -0.10429664, 0.22172708, -0.96951533]
  cam_t_m2c: [-9.73420492, 21.28379315, 625.86901976]
  elev: 75
  mode: 0
  obj_bb: [167, 161, 63, 67]
tpl_77:
  cam_K: [1076.74064739, 0.00000000, 216.98264967, 0.00000000, 1075.17825536, 163.59181836, 0.00000000, 0.00000000, 1.00000000]
  cam_R_m2c: [0.91813482, 0.39510898, -0.03028350, 0.37665618, -0.89388765, -0.24309377, -0.12311902, 0.21178663, -0.96953024]
  cam_t_m2c: [-9.86136996, 21.08574749, 625.86801549]
  elev: 75
  mode: 0
  obj_bb: [166, 161, 64, 67]
tpl_78:
  cam_K: [1076.74064739, 0.00000000, 216.98264967, 0.00000000, 1075.17825536, 163.59181836, 0.00000000, 0.00000000, 1.00000000]
  cam_R_m2c: [0.87969455, 0.47456530, -0.03042517, 0.45400011, -0.85716534, -0.24320946, -0.14149813, 0.20013714, -0.96949681]
  cam_t_m2c: [-9.98790195, 20.88420494, 625.89720409]
  elev: 75
  mode: 0
  obj_bb: [166, 161, 63, 67]
tpl_79:
  cam_K: [1076.74064739, 0.00000000, 216.98264967, 0.00000000, 1075.17825536, 164.59181836, 0.00000000, 0.00000000, 1.00000000]
  cam_R_m2c: [0.83357359, 0.55156994, -0.03041379, 0.52900192, -0.81290079, -0.24361752, -0.15909623, 0.18698473, -0.96939420]
  cam_t_m2c: [-10.07691882, 20.66325897, 625.93984917]
  elev: 75
  mode: 0
  obj_bb: [166, 161, 63, 67]
tpl_80:
  cam_K: [1076.74064739, 0.00000000, 216.98264967, 0.00000000, 1075.17825536, 164.59181836, 0.00000000, 0.00000000, 1.00000000]
  cam_R_m2c: [0.78363425, 0.62048129, -0.03035778, 0.59622057, -0.76492119, -0.24375519, -0.17446631, 0.17291510, -0.96936141]
  cam_t_m2c: [-10.13557420, 20.46294420, 625.93616001]
  elev: 75
  mode: 0
  obj_bb: [166, 160, 63, 68]
tpl_81:
  cam_K: [1076.74064739, 0.00000000, 217.98264967, 0.00000000, 1075.17825536, 164.59181836, 0.00000000, 0.00000000, 1.00000000]
  cam_R_m2c: [0.72681402, 0.68616381, -0.03035065, 0.66032392, -0.71023692, -0.24399957, -0.18898022, 0.15730122, -0.96929971]
  cam_t_m2c: [-10.21231473, 20.22443377, 625.99465643]
  elev: 75
  mode: 0
  obj_bb: [167, 160, 63, 68]
tpl_82:
  cam_K: [1076.74064739, 0.00000000, 217.98264967, 0.00000000, 1075.17825536, 165.59181836, 0.00000000, 0.00000000, 1.00000000]
  cam_R_m2c: [0.66342708, 0.74763884, -0.03002136, 0.72030933, -0.64900844, -0.24483118, -0.20252900, 0.14080328, -0.96910044]
  cam_t_m2c: [-10.19776111, 20.00585558, 626.01400618]
  elev: 75
  mode: 0
  obj_bb: [167, 161, 63, 67]
tpl_83:
  cam_K: [1076.74064739, 0.00000000, 217.98264967, 0.00000000, 1075.17825536, 165.59181836, 0.00000000, 0.00000000, 1.00000000]
  cam_R_m2c: [0.59607703, 0.80237534, -0.02977944, 0.77382777, -0.58397296, -0.24528899, -0.21420376, 0.12316730, -0.96899277]
  cam_t_m2c: [-10.19393603, 19.78572476, 626.03975252]
  elev: 75
  mode: 0
  obj_bb: [167, 160, 63, 68]
tpl_84:
  cam_K: [1076.74064739, 0.00000000, 217.98264967, 0.00000000, 1075.17825536, 166.59181836, 0.00000000, 0.00000000, 1.00000000]
  cam_R_m2c: [0.52411932, 0.85113172, -0.02955622, 0.82155711, -0.51444126, -0.24575332, -0.22437297, 0.10452177, -0.96888142]
  cam_t_m2c: [-10.18066752, 19.55816425, 626.05396592]
  elev: 75
  mode: 0
  obj_bb: [167, 161, 63, 67]
tpl_85:
  cam_K: [1076.74064739, 0.00000000, 216.98264967, 0.00000000, 1075.17825536, 166.59181836, 0.00000000, 0.00000000, 1.00000000]
  cam_R_m2c: [0.44824426, 0.89343380, -0.02919801, 0.86299070, -0.44102457, -0.24646444, -0.23307623, 0.08527843, -0.96871222]
  cam_t_m2c: [-10.14125394, 19.35957499, 626.08393262]
  elev: 75
  mode: 0
  obj_bb: [166, 161, 63, 67]
tpl_86:
  cam_K: [1076.74064739, 0.00000000, 216.98264967, 0.00000000, 1075.17825536, 166.59181836, 0.00000000, 0.00000000, 1.00000000]
  cam_R_m2c: [0.36746588, 0.92958392, -0.02902577, 0.89851888, -0.36289559, -0.24692165, -0.24006762, 0.06465506, -0.96860108]
  cam_t_m2c: [-10.10437917, 19.12574514, 626.12070968]
  elev: 75
  mode: 0
  obj_bb: [166, 160, 63, 68]
tpl_87:
  cam_K: [1076.74064739, 0.00000000, 216.98264967, 0.00000000, 1075.17825536, 167.59181836, 0.00000000, 0.00000000, 1.00000000]
  cam_R_m2c: [0.28529777, 0.95800522, -0.02884926, 0.92654913, -0.28337992, -0.24739162, -0.24517688, 0.04384986, -0.96848652]
  cam_t_m2c: [-10.06229416, 18.92337677, 626.19384338]
  elev: 75
  mode: 0
  obj_bb: [166, 161, 63, 67]
tpl_88:
  cam_K: [1076.74064739, 0.00000000, 216.98264967, 0.00000000, 1075.17825536, 167.59181836, 0.00000000, 0.00000000, 1.00000000]
  cam_R_m2c: [0.19962664, 0.97946588, -0.02821104, 0.94798898, -0.20033612, -0.24735036, -0.24792247, 0.02263395, -0.96851524]
  cam_t_m2c: [-9.94809276, 18.73658816, 626.24768466]
  elev: 75
  mode: 0
  obj_bb: [166, 161, 63, 67]
tpl_89:
  cam_K: [1076.74064739, 0.00000000, 216.98264967, 0.00000000, 1075.17825536, 167.59181836, 0.00000000, 0.00000000, 1.00000000]
  cam_R_m2c: [0.11378336, 0.99311837, -0.02774430, 0.96189875, -0.11710825, -0.24705381, -0.24860284, 0.00142342, -0.96860416]
  cam_t_m2c: [-9.83846985, 18.53831181, 626.28756364]
  elev: 75
  mode: 0
  obj_bb: [167, 160, 63, 68]
tpl_90:
  cam_K: [1076.74064739, 0.00000000, 216.98264967, 0.00000000, 1075.17825536, 168.59181836, 0.00000000, 0.00000000, 1.00000000]
  cam_R_m2c: [0.02569343, 0.99929210, -0.02747897, 0.96850599, -0.03169298, -0.24696464, -0.24766019, -0.02026815, -0.96863478]
  cam_t_m2c: [-9.71087928, 18.38663679, 626.28100244]
  elev: 75
  mode: 0
  obj_bb: [167, 161, 63, 67]
tpl_91:
  cam_K: [1076.74064739, 0.00000000, 216.98264967, 0.00000000, 1075.17825536, 168.59181836, 0.00000000, 0.00000000, 1.00000000]
  cam_R_m2c: [-0.06090452, 0.99777348, -0.02716923, 0.96763384, 0.05234243, -0.24687145, -0.24489913, -0.04132541, -0.96866770]
  cam_t_m2c: [-9.61240195, 18.18629284, 626.37174949]
  elev: 75
  mode: 0
  obj_bb: [167, 160, 63, 68]
tpl_92:
  cam_K: [1076.74064739, 0.00000000, 215.98264967, 0.00000000, 1075.17825536, 168.59181836, 0.00000000, 0.00000000, 1.00000000]
  cam_R_m2c: [-0.14729939, 0.98872914, -0.02678125, 0.95950241, 0.13626773, -0.24654794, -0.24011947, -0.06201311, -0.96876065]
  cam_t_m2c: [-9.44878589, 18.02365554, 626.36216266]
  elev: 75
  mode: 0
  obj_bb: [166, 160, 63, 68]
tpl_93:
  cam_K: [1076.74064739, 0.00000000, 215.98264967, 0.00000000, 1075.17825536, 169.59181836, 0.00000000, 0.00000000, 1.00000000]
  cam_R_m2c: [-0.23249532, 0.97223564, -0.02651661, 0.94403796, 0.21902565, -0.24661790, -0.23396244, -0.08237021, -0.96875039]
  cam_t_m2c: [-9.29219901, 17.85482088, 626.41979190]
  elev: 75
  mode: 0
  obj_bb: [167, 161, 63, 67]
tpl_94:
  cam_K: [1076.74064739, 0.00000000, 215.98264967, 0.00000000, 1075.17825536, 169.59181836, 0.00000000, 0.00000000, 1.00000000]
  cam_R_m2c: [-0.31735682, 0.94794407, -0.02621752, 0.92114088, 0.30157788, -0.24606893, -0.22535305, -0.10224184, -0.96889765]
  cam_t_m2c: [-9.10828976, 17.71632371, 626.39764435]
  elev: 75
  mode: 0
  obj_bb: [167, 160, 63, 68]
tpl_95:
  cam_K: [1076.74064739, 0.00000000, 215.98264967, 0.00000000, 1075.17825536, 169.59181836, 0.00000000, 0.00000000, 1.00000000]
  cam_R_m2c: [-0.39814819, 0.91694709, -0.02618355, 0.89165883, 0.38014797, -0.24583022, -0.21545955, -0.12122326, -0.96895934]
  cam_t_m2c: [-8.95341263, 17.57699257, 626.39458371]
  elev: 75
  mode: 0
  obj_bb: [167, 160, 63, 68]
tpl_96:
  cam_K: [1076.74064739, 0.00000000, 214.98264967, 0.00000000, 1075.17825536, 169.59181836, 0.00000000, 0.00000000, 1.00000000]
  cam_R_m2c: [-0.47641908, 0.87883582, -0.02591100, 0.85520923, 0.45636788, -0.24565334, -0.20406405, -0.13919386, -0.96901122]
  cam_t_m2c: [-8.75034160, 17.45381153, 626.44096181]
  elev: 75
  mode: 0
  obj_bb: [167, 160, 63, 68]
tpl_97:
  cam_K: [1076.74064739, 0.00000000, 214.98264967, 0.00000000, 1075.17825536, 170.59181836, 0.00000000, 0.00000000, 1.00000000]
  cam_R_m2c: [-0.55100144, 0.83410985, -0.02565544, 0.81233126, 0.52906799, -0.24536824, -0.19109065, -0.15603895, -0.96909053]
  cam_t_m2c: [-8.51840126, 17.35839481, 626.44143103]
  elev: 75
  mode: 0
  obj_bb: [167, 161, 63, 68]
tpl_98:
  cam_K: [1076.74064739, 0.00000000, 213.98264967, 0.00000000, 1075.17825536, 170.59181836, 0.00000000, 0.00000000, 1.00000000]
  cam_R_m2c: [-0.62268508, 0.78206592, -0.02523064, 0.76226831, 0.59901067, -0.24522023, -0.17666514, -0.17192737, -0.96913885]
  cam_t_m2c: [-8.25050536, 17.26879702, 626.44809600]
  elev: 75
  mode: 0
  obj_bb: [166, 161, 64, 67]
tpl_99:
  cam_K: [1076.74064739, 0.00000000, 213.98264967, 0.00000000, 1075.17825536, 170.59181836, 0.00000000, 0.00000000, 1.00000000]
  cam_R_m2c: [-0.68825997, 0.72503310, -0.02501926, 0.70731185, 0.66297224, -0.24531251, -0.16127279, -0.18653554, -0.96912146]
  cam_t_m2c: [-8.01952211, 17.20733255, 626.49294806]
  elev: 75
  mode: 0
  obj_bb: [167, 161, 63, 67]
tpl_100:
  cam_K: [1076.74064739, 0.00000000, 213.98264967, 0.00000000, 1075.17825536, 170.59181836, 0.00000000, 0.00000000, 1.00000000]
  cam_R_m2c: [-0.74864467, 0.66251341, -0.02464304, 0.64697655, 0.72196138, -0.24534333, -0.14475158, -0.19961828, -0.96912292]
  cam_t_m2c: [-7.74161831, 17.17291678, 626.48495075]
  elev: 75
  mode: 0
  obj_bb: [167, 161, 63, 67]
tpl_101:
  cam_K: [1076.74064739, 0.00000000, 212.98264967, 0.00000000, 1075.17825536, 170.59181836, 0.00000000, 0.00000000, 1.00000000]
  cam_R_m2c: [-0.80426200, 0.59377517, -0.02436173, 0.58055744, 0.77628048, -0.24564419, -0.12694647, -0.21170637, -0.96905380]
  cam_t_m2c: [-7.47819184, 17.16224765, 626.49944946]
  elev: 75
  mode: 0
  obj_bb: [167, 161, 63, 67]
tpl_102:
  cam_K: [1076.74064739, 0.00000000, 212.98264967, 0.00000000, 1075.17825536, 170.59181836, 0.00000000, 0.00000000, 1.00000000]
  cam_R_m2c: [-0.85275036, 0.52176641, -0.02403061, 0.51090265, 0.82366226, -0.24608819, -0.10860694, -0.22212858, -0.96894945]
  cam_t_m2c: [-7.22133859, 17.15491081, 626.53796200]
  elev: 75
  mode: 0
  obj_bb: [167, 161, 63, 67]
tpl_103:
  cam_K: [1076.74064739, 0.00000000, 211.98264967, 0.00000000, 1075.17825536, 170.59181836, 0.00000000, 0.00000000, 1.00000000]
  cam_R_m2c: [-0.89548783, 0.44445398, -0.02370658, 0.43609740, 0.86550751, -0.24640555, -0.08899768, -0.23099182, -0.96887643]
  cam_t_m2c: [-6.95044942, 17.19669741, 626.56912044]
  elev: 75
  mode: 0
  obj_bb: [167, 161, 63, 67]
tpl_104:
  cam_K: [1076.74064739, 0.00000000, 211.98264967, 0.00000000, 1075.17825536, 170.59181836, 0.00000000, 0.00000000, 1.00000000]
  cam_R_m2c: [-0.93010157, 0.36653900, -0.02366805, 0.36073322, 0.89943935, -0.24673945, -0.06915156, -0.23803094, -0.96879313]
  cam_t_m2c: [-6.73917074, 17.23425647, 626.57647678]
  elev: 75
  mode: 0
  obj_bb: [167, 161, 63, 67]
tpl_105:
  cam_K: [1076.74064739, 0.00000000, 210.98264967, 0.00000000, 1075.17825536, 170.59181836, 0.00000000, 0.00000000, 1.00000000]
  cam_R_m2c: [-0.95879714, 0.28310739, -0.02363800, 0.28001565, 0.92771119, -0.24686800, -0.04796102, -0.24331535, -0.96876041]
  cam_t_m2c: [-6.54072058, 17.31357631, 626.62961458]
  elev: 75
  mode: 0
  obj_bb: [167, 161, 63, 67]
tpl_106:
  cam_K: [1076.74064739, 0.00000000, 210.98264967, 0.00000000, 1075.17825536, 170.59181836, 0.00000000, 0.00000000, 1.00000000]
  cam_R_m2c: [-0.97972188, 0.19902940, -0.02305901, 0.19850272, 0.94854984, -0.24667724, -0.02722343, -0.24625247, -0.96882296]
  cam_t_m2c: [-6.28061132, 17.43702265, 626.66637159]
  elev: 75
  mode: 0
  obj_bb: [167, 161, 63, 68]
tpl_107:
  cam_K: [1076.74064739, 0.00000000, 210.98264967, 0.00000000, 1075.17825536, 169.59181836, 0.00000000, 0.00000000, 1.00000000]
  cam_R_m2c: [-0.99347449, 0.11175595, -0.02276216, 0.11391406, 0.96256337, -0.24595615, -0.00557704, -0.24694417, -0.96901355]
  cam_t_m2c: [-6.03932893, 17.55067853, 626.65313103]
  elev: 75
  mode: 0
  obj_bb: [167, 160, 64, 68]
tpl_108:
  cam_K: [1076.74064739, 0.00000000, 209.98264967, 0.00000000, 1075.17825536, 169.59181836, 0.00000000, 0.00000000, 1.00000000]
