0:
  cam_K: [1076.74064739, 0.00000000, 209.98264967, 0.00000000, 1075.17825536, 162.59181836, 0.00000000, 0.00000000, 1.00000000]
  cam_R_m2c: [0.99845778, 0.04488465, -0.03268468, 0.04167903, -0.99480233, -0.09290641, -0.03668491, 0.09140078, -0.99513802]
  cam_t_m2c: [-5.84174329, 21.98371725, 629.74948237]
  elev: 85
  mode: 0
  obj_bb: [86, 125, 222, 147]
1:
  cam_K: [1076.74064739, 0.00000000, 209.98264967, 0.00000000, 1075.17825536, 162.59181836, 0.00000000, 0.00000000, 1.00000000]
  cam_R_m2c: [0.99070625, 0.13260841, -0.03027252, 0.12934275, -0.98731971, -0.09203892, -0.04209377, 0.08726794, -0.99529477]
  cam_t_m2c: [-5.71847172, 21.93337956, 629.73051452]
  elev: 85
  mode: 0
  obj_bb: [83, 116, 230, 165]
2:
  cam_K: [1076.74064739, 0.00000000, 209.98264967, 0.00000000, 1075.17825536, 162.59181836, 0.00000000, 0.00000000, 1.00000000]
  cam_R_m2c: [0.97557819, 0.21783076, -0.02824129, 0.21447304, -0.97242227, -0.09163326, -0.04742299, 0.08333832, -0.99539222]
  cam_t_m2c: [-5.62269143, 21.84664408, 629.77573583]
  elev: 85
  mode: 0
  obj_bb: [80, 108, 238, 181]
3:
  cam_K: [1076.74064739, 0.00000000, 209.98264967, 0.00000000, 1075.17825536, 162.59181836, 0.00000000, 0.00000000, 1.00000000]
  cam_R_m2c: [0.95311862, 0.30148128, -0.02596977, 0.29808345, -0.95020475, -0.09086690, -0.05207126, 0.07886574, -0.99552420]
  cam_t_m2c: [-5.49184728, 21.76392278, 629.72295696]
  elev: 85
  mode: 0
  obj_bb: [77, 101, 245, 195]
4:
  cam_K: [1076.74064739, 0.00000000, 208.98264967, 0.00000000, 1075.17825536, 162.59181836, 0.00000000, 0.00000000, 1.00000000]
  cam_R_m2c: [0.92350774, 0.38284280, -0.02378332, 0.37943261, -0.92085633, -0.08975255, -0.05626208, 0.07386297, -0.99568028]
  cam_t_m2c: [-5.35449913, 21.72305130, 629.72659621]
  elev: 85
  mode: 0
  obj_bb: [74, 94, 249, 209]
5:
  cam_K: [1076.74064739, 0.00000000, 208.98264967, 0.00000000, 1075.17825536, 162.59181836, 0.00000000, 0.00000000, 1.00000000]
  cam_R_m2c: [0.88629959, 0.46258776, -0.02202906, 0.45914755, -0.88392872, -0.08862147, -0.06046735, 0.06843063, -0.99582159]
  cam_t_m2c: [-5.26212681, 21.65811935, 629.65418373]
  elev: 85
  mode: 0
  obj_bb: [73, 88, 252, 221]
6:
  cam_K: [1076.74064739, 0.00000000, 208.98264967, 0.00000000, 1075.17825536, 162.59181836, 0.00000000, 0.00000000, 1.00000000]
  cam_R_m2c: [0.84298690, 0.53756252, -0.02000146, 0.53415501, -0.84088570, -0.08711366, -0.06364794, 0.06275185, -0.99599782]
  cam_t_m2c: [-5.08844751, 21.63424082, 629.56604251]
  elev: 85
  mode: 0
  obj_bb: [72, 83, 254, 231]
7:
  cam_K: [1076.74064739, 0.00000000, 208.98264967, 0.00000000, 1075.17825536, 162.59181836, 0.00000000, 0.00000000, 1.00000000]
  cam_R_m2c: [0.79323895, 0.60863887, -0.01821074, 0.60525702, -0.79139736, -0.08575562, -0.06660610, 0.05700244, -0.99615000]
  cam_t_m2c: [-4.95234205, 21.60257869, 629.55854673]
  elev: 85
  mode: 0
  obj_bb: [73, 80, 253, 238]
8:
  cam_K: [1076.74064739, 0.00000000, 207.98264967, 0.00000000, 1075.17825536, 163.59181836, 0.00000000, 0.00000000, 1.00000000]
  cam_R_m2c: [0.73650009, 0.67623998, -0.01634496, 0.67290983, -0.73490993, -0.08426397, -0.06899477, 0.05106173, -0.99630945]
  cam_t_m2c: [-4.78039602, 21.59184777, 629.51542161]
  elev: 85
  mode: 0
  obj_bb: [74, 77, 250, 245]
9:
  cam_K: [1076.74064739, 0.00000000, 207.98264967, 0.00000000, 1075.17825536, 162.59181836, 0.00000000, 0.00000000, 1.00000000]
  cam_R_m2c: [0.67520147, 0.73748733, -0.01468666, 0.73422964, -0.67386244, -0.08256401, -0.07078674, 0.04496387, -0.99647729]
  cam_t_m2c: [-4.62338255, 21.62458355, 629.50566634]
  elev: 85
  mode: 0
  obj_bb: [76, 74, 246, 250]
10:
  cam_K: [1076.74064739, 0.00000000, 207.98264967, 0.00000000, 1075.17825536, 162.59181836, 0.00000000, 0.00000000, 1.00000000]
  cam_R_m2c: [0.60757961, 0.79415066, -0.01309968, 0.79095888, -0.60647422, -0.08106856, -0.07232535, 0.03889424, -0.99662250]
  cam_t_m2c: [-4.45637333, 21.62827908, 629.47862612]
  elev: 85
  mode: 0
  obj_bb: [80, 73, 239, 252]
11:
  cam_K: [1076.74064739, 0.00000000, 206.98264967, 0.00000000, 1075.17825536, 162.59181836, 0.00000000, 0.00000000, 1.00000000]
  cam_R_m2c: [0.53637896, 0.84389648, -0.01167827, 0.84079162, -0.53550414, -0.07940666, -0.07326468, 0.03277313, -0.99677433]
  cam_t_m2c: [-4.28599309, 21.66897513, 629.45514651]
  elev: 85
  mode: 0
  obj_bb: [84, 72, 231, 254]
12:
  cam_K: [1076.74064739, 0.00000000, 206.98264967, 0.00000000, 1075.17825536, 162.59181836, 0.00000000, 0.00000000, 1.00000000]
  cam_R_m2c: [0.45981971, 0.88794720, -0.01074573, 0.88495171, -0.45920552, -0.07740009, -0.07366172, 0.02608060, -0.99694237]
  cam_t_m2c: [-4.19574565, 21.72022716, 629.40527064]
  elev: 85
  mode: 0
  obj_bb: [89, 73, 221, 252]
13:
  cam_K: [1076.74064739, 0.00000000, 206.98264967, 0.00000000, 1075.17825536, 162.59181836, 0.00000000, 0.00000000, 1.00000000]
  cam_R_m2c: [0.38128867, 0.92440298, -0.00989551, 0.92150898, -0.38090620, -0.07570808, -0.07375397, 0.01974788, -0.99708112]
  cam_t_m2c: [-4.08220800, 21.76622316, 629.42173405]
  elev: 85
  mode: 0
  obj_bb: [95, 74, 209, 250]
14:
  cam_K: [1076.74064739, 0.00000000, 206.98264967, 0.00000000, 1075.17825536, 162.59181836, 0.00000000, 0.00000000, 1.00000000]
  cam_R_m2c: [0.29972955, 0.95398210, -0.00902057, 0.95120435, -0.29955581, -0.07400629, -0.07330283, 0.01360146, -0.99721724]
  cam_t_m2c: [-3.93252318, 21.83518025, 629.40737744]
  elev: 85
  mode: 0
  obj_bb: [102, 77, 196, 244]
15:
  cam_K: [1076.74064739, 0.00000000, 206.98264967, 0.00000000, 1075.17825536, 162.59181836, 0.00000000, 0.00000000, 1.00000000]
  cam_R_m2c: [0.21604525, 0.97634668, -0.00847961, 0.97368491, -0.21608536, -0.07242604, -0.07254521, 0.00739087, -0.99733818]
  cam_t_m2c: [-3.82760831, 21.87598893, 629.46836021]
  elev: 85
  mode: 0
  obj_bb: [110, 80, 181, 238]
16:
  cam_K: [1076.74064739, 0.00000000, 206.98264967, 0.00000000, 1075.17825536, 162.59181836, 0.00000000, 0.00000000, 1.00000000]
  cam_R_m2c: [0.12924803, 0.99157843, -0.00824552, 0.98911329, -0.12950749, -0.06988032, -0.07035970, 0.00087615, -0.99752175]
  cam_t_m2c: [-3.75925008, 21.95426131, 629.41152374]
  elev: 85
  mode: 0
  obj_bb: [118, 85, 165, 229]
17:
  cam_K: [1076.74064739, 0.00000000, 205.98264967, 0.00000000, 1075.17825536, 162.59181836, 0.00000000, 0.00000000, 1.00000000]
  cam_R_m2c: [0.04286793, 0.99905120, -0.00768058, 0.99676043, -0.04329075, -0.06777654, -0.06804473, -0.00475019, -0.99767112]
  cam_t_m2c: [-3.60667142, 22.01944824, 629.40490111]
  elev: 85
  mode: 0
  obj_bb: [126, 88, 147, 222]
18:
  cam_K: [1076.74064739, 0.00000000, 205.98264967, 0.00000000, 1075.17825536, 162.59181836, 0.00000000, 0.00000000, 1.00000000]
  cam_R_m2c: [-0.04203154, 0.99908121, -0.00842056, 0.99698070, 0.04138956, -0.06569640, -0.06528743, -0.01115641, -0.99780409]
  cam_t_m2c: [-3.65273544, 22.07745460, 629.35171918]
  elev: 85
  mode: 0
  obj_bb: [125, 88, 147, 222]
19:
  cam_K: [1076.74064739, 0.00000000, 205.98264967, 0.00000000, 1075.17825536, 162.59181836, 0.00000000, 0.00000000, 1.00000000]
  cam_R_m2c: [-0.13145533, 0.99129066, -0.00793284, 0.98940534, 0.13069952, -0.06321058, -0.06162327, -0.01615815, -0.99796873]
  cam_t_m2c: [-3.45659471, 22.19969805, 629.33502971]
  elev: 85
  mode: 0
  obj_bb: [116, 85, 166, 230]
20:
  cam_K: [1076.74064739, 0.00000000, 205.98264967, 0.00000000, 1075.17825536, 161.59181836, 0.00000000, 0.00000000, 1.00000000]
  cam_R_m2c: [-0.21670698, 0.97619963, -0.00855028, 0.97453337, 0.21580386, -0.06094227, -0.05764667, -0.02153927, -0.99810444]
  cam_t_m2c: [-3.41349833, 22.28727231, 629.30773338]
  elev: 85
  mode: 0
  obj_bb: [108, 80, 182, 238]
21:
  cam_K: [1076.74064739, 0.00000000, 205.98264967, 0.00000000, 1075.17825536, 161.59181836, 0.00000000, 0.00000000, 1.00000000]
  cam_R_m2c: [-0.30044638, 0.95375469, -0.00915598, 0.95231604, 0.29942986, -0.05860868, -0.05315673, -0.02632812, -0.99823887]
  cam_t_m2c: [-3.35401789, 22.38124701, 629.24309223]
  elev: 85
  mode: 0
  obj_bb: [101, 77, 196, 245]
22:
  cam_K: [1076.74064739, 0.00000000, 205.98264967, 0.00000000, 1075.17825536, 161.59181836, 0.00000000, 0.00000000, 1.00000000]
  cam_R_m2c: [-0.38346561, 0.92350386, -0.00975451, 0.92230240, 0.38237440, -0.05611391, -0.04809152, -0.03051433, -0.99837680]
  cam_t_m2c: [-3.26860761, 22.49750405, 629.22394643]
  elev: 85
  mode: 0
  obj_bb: [94, 75, 210, 250]
23:
  cam_K: [1076.74064739, 0.00000000, 205.98264967, 0.00000000, 1075.17825536, 161.59181836, 0.00000000, 0.00000000, 1.00000000]
  cam_R_m2c: [-0.46191494, 0.88685885, -0.01078834, 0.88588829, 0.46075361, -0.05393361, -0.04286071, -0.03447007, -0.99848576]
  cam_t_m2c: [-3.23683545, 22.60661054, 629.19000245]
  elev: 85
  mode: 0
  obj_bb: [89, 74, 221, 252]
24:
  cam_K: [1076.74064739, 0.00000000, 204.98264967, 0.00000000, 1075.17825536, 161.59181836, 0.00000000, 0.00000000, 1.00000000]
  cam_R_m2c: [-0.53718252, 0.84338392, -0.01178146, 0.84263542, 0.53598104, -0.05186972, -0.03743144, -0.03779091, -0.99858419]
  cam_t_m2c: [-3.16757931, 22.71118876, 629.15715465]
  elev: 85
  mode: 0
  obj_bb: [83, 73, 231, 254]
25:
  cam_K: [1076.74064739, 0.00000000, 204.98264967, 0.00000000, 1075.17825536, 160.59181836, 0.00000000, 0.00000000, 1.00000000]
  cam_R_m2c: [-0.60717738, 0.79446084, -0.01296345, 0.79392616, 0.60595252, -0.05002147, -0.03188487, -0.04066394, -0.99866395]
  cam_t_m2c: [-3.11798330, 22.83795446, 629.14945638]
  elev: 85
  mode: 0
  obj_bb: [79, 73, 239, 253]
26:
  cam_K: [1076.74064739, 0.00000000, 204.98264967, 0.00000000, 1075.17825536, 160.59181836, 0.00000000, 0.00000000, 1.00000000]
  cam_R_m2c: [-0.67499960, 0.73768151, -0.01421398, 0.73736632, 0.67378532, -0.04800455, -0.02583498, -0.04288389, -0.99874584]
  cam_t_m2c: [-3.06164364, 22.98122474, 629.14638048]
  elev: 85
  mode: 0
  obj_bb: [76, 75, 246, 250]
27:
  cam_K: [1076.74064739, 0.00000000, 204.98264967, 0.00000000, 1075.17825536, 160.59181836, 0.00000000, 0.00000000, 1.00000000]
  cam_R_m2c: [-0.73752435, 0.67513857, -0.01567025, 0.67503033, 0.73633009, -0.04638374, -0.01977694, -0.04478705, -0.99880044]
  cam_t_m2c: [-3.00781443, 23.13868092, 629.12660134]
  elev: 85
  mode: 0
  obj_bb: [74, 77, 250, 246]
28:
  cam_K: [1076.74064739, 0.00000000, 204.98264967, 0.00000000, 1075.17825536, 160.59181836, 0.00000000, 0.00000000, 1.00000000]
  cam_R_m2c: [-0.79331766, 0.60856242, -0.01726500, 0.60865276, 0.79215733, -0.04504019, -0.01373314, -0.04623956, -0.99883623]
  cam_t_m2c: [-2.98369073, 23.28088172, 629.13101405]
  elev: 85
  mode: 0
  obj_bb: [72, 80, 253, 240]
29:
  cam_K: [1076.74064739, 0.00000000, 204.98264967, 0.00000000, 1075.17825536, 160.59181836, 0.00000000, 0.00000000, 1.00000000]
  cam_R_m2c: [-0.84397001, 0.53605163, -0.01904249, 0.53633667, 0.84285348, -0.04406554, -0.00757141, -0.04740318, -0.99884750]
  cam_t_m2c: [-2.97402472, 23.41860447, 629.16056811]
  elev: 85
  mode: 0
  obj_bb: [72, 85, 254, 231]
30:
  cam_K: [1076.74064739, 0.00000000, 204.98264967, 0.00000000, 1075.17825536, 159.59181836, 0.00000000, 0.00000000, 1.00000000]
  cam_R_m2c: [-0.88661985, 0.46202598, -0.02089381, 0.46249522, 0.88555406, -0.04350272, -0.00159680, -0.04823372, -0.99883497]
  cam_t_m2c: [-2.97526840, 23.55727122, 629.20837556]
  elev: 85
  mode: 0
  obj_bb: [73, 89, 253, 221]
31:
  cam_K: [1076.74064739, 0.00000000, 204.98264967, 0.00000000, 1075.17825536, 159.59181836, 0.00000000, 0.00000000, 1.00000000]
  cam_R_m2c: [-0.92394665, 0.38182463, -0.02305961, 0.38248876, 0.92295970, -0.04297177, 0.00487543, -0.04852363, -0.99881050]
  cam_t_m2c: [-3.02619102, 23.68541453, 629.25412827]
  elev: 85
  mode: 0
  obj_bb: [74, 95, 250, 209]
32:
  cam_K: [1076.74064739, 0.00000000, 204.98264967, 0.00000000, 1075.17825536, 159.59181836, 0.00000000, 0.00000000, 1.00000000]
  cam_R_m2c: [-0.95358277, 0.30009728, -0.02493946, 0.30093219, 0.95268962, -0.04269739, 0.01094621, -0.04822067, -0.99877634]
  cam_t_m2c: [-3.03995457, 23.82152556, 629.30205333]
  elev: 85
  mode: 0
  obj_bb: [77, 102, 244, 196]
33:
  cam_K: [1076.74064739, 0.00000000, 204.98264967, 0.00000000, 1075.17825536, 159.59181836, 0.00000000, 0.00000000, 1.00000000]
  cam_R_m2c: [-0.97630171, 0.21470739, -0.02710723, 0.21571962, 0.97552358, -0.04263501, 0.01728973, -0.04747217, -0.99872262]
  cam_t_m2c: [-3.10421697, 23.93640588, 629.38211320]
  elev: 85
  mode: 0
  obj_bb: [80, 109, 238, 181]
34:
  cam_K: [1076.74064739, 0.00000000, 204.98264967, 0.00000000, 1075.17825536, 158.59181836, 0.00000000, 0.00000000, 1.00000000]
  cam_R_m2c: [-0.99138581, 0.12764858, -0.02931819, 0.12881329, 0.99077700, -0.04204238, 0.02368119, -0.04545683, -0.99868578]
  cam_t_m2c: [-3.17889807, 24.06563076, 629.39320318]
  elev: 85
  mode: 0
  obj_bb: [84, 117, 229, 164]
35:
  cam_K: [1076.74064739, 0.00000000, 204.98264967, 0.00000000, 1075.17825536, 158.59181836, 0.00000000, 0.00000000, 1.00000000]
  cam_R_m2c: [-0.99860995, 0.04246955, -0.03122783, 0.04376693, 0.99815388, -0.04210817, 0.02938180, -0.04341633, -0.99862496]
  cam_t_m2c: [-3.23053098, 24.17894331, 629.43529503]
  elev: 85
  mode: 0
  obj_bb: [86, 125, 222, 148]
36:
  cam_K: [1076.74064739, 0.00000000, 205.98264967, 0.00000000, 1075.17825536, 158.59181836, 0.00000000, 0.00000000, 1.00000000]
  cam_R_m2c: [-0.99838102, -0.04568331, -0.03389457, -0.04423110, 0.99811972, -0.04242317, 0.03576881, -0.04085528, -0.99852481]
  cam_t_m2c: [-3.40227903, 24.26396571, 629.45916011]
  elev: 85
  mode: 0
  obj_bb: [87, 126, 222, 148]
37:
  cam_K: [1076.74064739, 0.00000000, 205.98264967, 0.00000000, 1075.17825536, 158.59181836, 0.00000000, 0.00000000, 1.00000000]
  cam_R_m2c: [-0.99076987, -0.13082168, -0.03549802, -0.12928193, 0.99068886, -0.04267779, 0.04075073, -0.03769457, -0.99845834]
  cam_t_m2c: [-3.42621191, 24.38397644, 629.49103880]
  elev: 85
  mode: 0
  obj_bb: [84, 118, 229, 165]
38:
  cam_K: [1076.74064739, 0.00000000, 205.98264967, 0.00000000, 1075.17825536, 158.59181836, 0.00000000, 0.00000000, 1.00000000]
  cam_R_m2c: [-0.97527315, -0.21773139, -0.03787550, -0.21608605, 0.97541801, -0.04321040, 0.04635274, -0.03395758, -0.99834806]
  cam_t_m2c: [-3.56220328, 24.45949516, 629.51492623]
  elev: 85
  mode: 0
  obj_bb: [79, 110, 239, 181]
39:
  cam_K: [1076.74064739, 0.00000000, 205.98264967, 0.00000000, 1075.17825536, 158.59181836, 0.00000000, 0.00000000, 1.00000000]
  cam_R_m2c: [-0.95219181, -0.30284368, -0.04019919, -0.30112207, 0.95258307, -0.04371888, 0.05153306, -0.02952390, -0.99823434]
  cam_t_m2c: [-3.73399209, 24.53410411, 629.46991556]
  elev: 85
  mode: 0
  obj_bb: [76, 102, 245, 197]
40:
  cam_K: [1076.74064739, 0.00000000, 205.98264967, 0.00000000, 1075.17825536, 157.59181836, 0.00000000, 0.00000000, 1.00000000]
  cam_R_m2c: [-0.92228167, -0.38422462, -0.04204096, -0.38248225, 0.92291472, -0.04400362, 0.05570752, -0.02450377, -0.99814683]
  cam_t_m2c: [-3.85261869, 24.60390365, 629.45404394]
  elev: 85
  mode: 0
  obj_bb: [73, 95, 250, 209]
41:
  cam_K: [1076.74064739, 0.00000000, 206.98264967, 0.00000000, 1075.17825536, 157.59181836, 0.00000000, 0.00000000, 1.00000000]
  cam_R_m2c: [-0.88616823, -0.46126426, -0.04405671, -0.45949828, 0.88705024, -0.04475977, 0.05972663, -0.01942066, -0.99802558]
  cam_t_m2c: [-4.00542597, 24.66122377, 629.42540345]
  elev: 85
  mode: 0
  obj_bb: [72, 90, 253, 220]
42:
  cam_K: [1076.74064739, 0.00000000, 206.98264967, 0.00000000, 1075.17825536, 157.59181836, 0.00000000, 0.00000000, 1.00000000]
  cam_R_m2c: [-0.84119231, -0.53877695, -0.04598955, -0.53701012, 0.84233552, -0.04572461, 0.06337404, -0.01376631, -0.99789521]
  cam_t_m2c: [-4.14108988, 24.67893258, 629.36388115]
  elev: 85
  mode: 0
  obj_bb: [72, 84, 253, 231]
43:
  cam_K: [1076.74064739, 0.00000000, 206.98264967, 0.00000000, 1075.17825536, 157.59181836, 0.00000000, 0.00000000, 1.00000000]
  cam_R_m2c: [-0.79217788, -0.60842077, -0.04771863, -0.60669529, 0.79357568, -0.04646642, 0.06613950, -0.00785907, -0.99777983]
  cam_t_m2c: [-4.29312584, 24.72544408, 629.33741429]
  elev: 85
  mode: 0
  obj_bb: [72, 80, 253, 240]
44:
  cam_K: [1076.74064739, 0.00000000, 206.98264967, 0.00000000, 1075.17825536, 157.59181836, 0.00000000, 0.00000000, 1.00000000]
  cam_R_m2c: [-0.73543686, -0.67580135, -0.04925672, -0.67413194, 0.73708222, -0.04750277, 0.06840871, -0.00172970, -0.99765540]
  cam_t_m2c: [-4.41833980, 24.74760930, 629.30265496]
  elev: 85
  mode: 0
  obj_bb: [73, 77, 250, 246]
45:
  cam_K: [1076.74064739, 0.00000000, 207.98264967, 0.00000000, 1075.17825536, 157.59181836, 0.00000000, 0.00000000, 1.00000000]
  cam_R_m2c: [-0.67398444, -0.73701528, -0.05053539, -0.73539919, 0.67586342, -0.04894645, 0.07022927, 0.00417452, -0.99752165]
  cam_t_m2c: [-4.51088546, 24.78618594, 629.31103540]
  elev: 85
  mode: 0
  obj_bb: [77, 75, 245, 250]
46:
  cam_K: [1076.74064739, 0.00000000, 207.98264967, 0.00000000, 1075.17825536, 157.59181836, 0.00000000, 0.00000000, 1.00000000]
  cam_R_m2c: [-0.60875322, -0.79166244, -0.05186452, -0.79014916, 0.61086819, -0.05005283, 0.07130742, 0.01051093, -0.99739926]
  cam_t_m2c: [-4.63747365, 24.81260987, 629.28378070]
  elev: 85
  mode: 0
  obj_bb: [79, 74, 239, 253]
47:
  cam_K: [1076.74064739, 0.00000000, 207.98264967, 0.00000000, 1075.17825536, 157.59181836, 0.00000000, 0.00000000, 1.00000000]
  cam_R_m2c: [-0.53655766, -0.84219066, -0.05310370, -0.84076537, 0.53891596, -0.05179381, 0.07223869, 0.01685737, -0.99724453]
  cam_t_m2c: [-4.77995746, 24.82017408, 629.26964229]
  elev: 85
  mode: 0
  obj_bb: [83, 73, 231, 254]
48:
  cam_K: [1076.74064739, 0.00000000, 207.98264967, 0.00000000, 1075.17825536, 157.59181836, 0.00000000, 0.00000000, 1.00000000]
  cam_R_m2c: [-0.45890451, -0.88681122, -0.05452642, -0.88552181, 0.46151978, -0.05338220, 0.07250495, 0.02378704, -0.99708422]
  cam_t_m2c: [-4.96645644, 24.81616854, 629.27059664]
  elev: 85
  mode: 0
  obj_bb: [88, 73, 220, 253]
49:
  cam_K: [1076.74064739, 0.00000000, 208.98264967, 0.00000000, 1075.17825536, 157.59181836, 0.00000000, 0.00000000, 1.00000000]
  cam_R_m2c: [-0.38483581, -0.92130610, -0.05564708, -0.92013104, 0.38768627, -0.05530819, 0.07252937, 0.02991802, -0.99691771]
  cam_t_m2c: [-5.12942506, 24.80019127, 629.27281084]
  elev: 85
  mode: 0
  obj_bb: [94, 75, 210, 250]
50:
  cam_K: [1076.74064739, 0.00000000, 208.98264967, 0.00000000, 1075.17825536, 157.59181836, 0.00000000, 0.00000000, 1.00000000]
  cam_R_m2c: [-0.30074870, -0.95202119, -0.05661423, -0.95099075, 0.30383903, -0.05743975, 0.07188556, 0.03656464, -0.99674239]
  cam_t_m2c: [-5.28462002, 24.76313032, 629.30213987]
  elev: 85
  mode: 0
  obj_bb: [101, 77, 195, 245]
51:
  cam_K: [1076.74064739, 0.00000000, 208.98264967, 0.00000000, 1075.17825536, 157.59181836, 0.00000000, 0.00000000, 1.00000000]
  cam_R_m2c: [-0.21586750, -0.97472354, -0.05757222, -0.97386616, 0.21919192, -0.05948717, 0.07060290, 0.04322626, -0.99656739]
  cam_t_m2c: [-5.47191073, 24.71635048, 629.31064397]
  elev: 85
  mode: 0
  obj_bb: [108, 80, 181, 238]
52:
  cam_K: [1076.74064739, 0.00000000, 209.98264967, 0.00000000, 1075.17825536, 157.59181836, 0.00000000, 0.00000000, 1.00000000]
  cam_R_m2c: [-0.13087591, -0.98967717, -0.05840832, -0.98901318, 0.13441873, -0.06151851, 0.06873462, 0.04971525, -0.99639565]
  cam_t_m2c: [-5.66121820, 24.60402622, 629.29897581]
  elev: 85
  mode: 0
  obj_bb: [116, 84, 165, 230]
53:
  cam_K: [1076.74064739, 0.00000000, 209.98264967, 0.00000000, 1075.17825536, 157.59181836, 0.00000000, 0.00000000, 1.00000000]
  cam_R_m2c: [-0.04321407, -0.99736190, -0.05832187, -0.99684634, 0.04693385, -0.06399532, 0.06656369, 0.05537241, -0.99624454]
  cam_t_m2c: [-5.71930065, 24.53649946, 629.34965715]
  elev: 85
  mode: 0
  obj_bb: [125, 87, 147, 222]
54:
  cam_K: [1076.74064739, 0.00000000, 209.98264967, 0.00000000, 1075.17825536, 158.59181836, 0.00000000, 0.00000000, 1.00000000]
  cam_R_m2c: [0.04140696, -0.99736946, -0.05948703, -0.99711905, -0.03746310, -0.06594989, 0.06354785, 0.06204652, -0.99604841]
  cam_t_m2c: [-6.01949393, 24.43250121, 629.30532478]
  elev: 85
  mode: 0
  obj_bb: [123, 88, 148, 222]
55:
  cam_K: [1076.74064739, 0.00000000, 209.98264967, 0.00000000, 1075.17825536, 158.59181836, 0.00000000, 0.00000000, 1.00000000]
  cam_R_m2c: [0.12918768, -0.98987823, -0.05875691, -0.98977920, -0.12511273, -0.06843414, 0.06039015, 0.06699722, -0.99592435]
  cam_t_m2c: [-6.01782659, 24.32706552, 629.33148101]
  elev: 85
  mode: 0
  obj_bb: [115, 85, 165, 230]
56:
  cam_K: [1076.74064739, 0.00000000, 209.98264967, 0.00000000, 1075.17825536, 158.59181836, 0.00000000, 0.00000000, 1.00000000]
  cam_R_m2c: [0.21427813, -0.97500827, -0.05869027, -0.97513563, -0.21005502, -0.07062507, 0.05653188, 0.07236431, -0.99577507]
  cam_t_m2c: [-6.14816412, 24.18390402, 629.32417625]
  elev: 85
  mode: 0
  obj_bb: [107, 81, 180, 238]
57:
  cam_K: [1076.74064739, 0.00000000, 210.98264967, 0.00000000, 1075.17825536, 158.59181836, 0.00000000, 0.00000000, 1.00000000]
  cam_R_m2c: [0.29925895, -0.95238502, -0.05836767, -0.95275440, -0.29492174, -0.07266531, 0.05199146, 0.07735587, -0.99564730]
  cam_t_m2c: [-6.25583893, 24.04008466, 629.25686648]
  elev: 85
  mode: 0
  obj_bb: [100, 77, 196, 245]
58:
  cam_K: [1076.74064739, 0.00000000, 210.98264967, 0.00000000, 1075.17825536, 158.59181836, 0.00000000, 0.00000000, 1.00000000]
  cam_R_m2c: [0.38195929, -0.92237567, -0.05770799, -0.92296776, -0.37751651, -0.07491614, 0.04731514, 0.08187745, -0.99551878]
  cam_t_m2c: [-6.33183646, 23.88416392, 629.25702426]
  elev: 85
  mode: 0
  obj_bb: [93, 74, 209, 250]
59:
  cam_K: [1076.74064739, 0.00000000, 210.98264967, 0.00000000, 1075.17825536, 159.59181836, 0.00000000, 0.00000000, 1.00000000]
  cam_R_m2c: [0.45900722, -0.88661180, -0.05684284, -0.88742285, -0.45449724, -0.07688757, 0.04233449, 0.08573566, -0.99541849]
  cam_t_m2c: [-6.38601157, 23.72142903, 629.23849437]
  elev: 85
  mode: 0
  obj_bb: [88, 73, 220, 253]
60:
  cam_K: [1076.74064739, 0.00000000, 210.98264967, 0.00000000, 1075.17825536, 159.59181836, 0.00000000, 0.00000000, 1.00000000]
  cam_R_m2c: [0.53542048, -0.84274670, -0.05569828, -0.84377218, -0.53084799, -0.07905198, 0.03705340, 0.08932281, -0.99531315]
  cam_t_m2c: [-6.40734543, 23.53981863, 629.25986700]
  elev: 85
  mode: 0
  obj_bb: [82, 72, 231, 254]
61:
  cam_K: [1076.74064739, 0.00000000, 210.98264967, 0.00000000, 1075.17825536, 159.59181836, 0.00000000, 0.00000000, 1.00000000]
  cam_R_m2c: [0.60645437, -0.79324884, -0.05449721, -0.79449792, -0.60184886, -0.08094164, 0.03140777, 0.09238530, -0.99522739]
  cam_t_m2c: [-6.44419875, 23.41774261, 629.25002797]
  elev: 85
  mode: 0
  obj_bb: [79, 73, 239, 252]
62:
  cam_K: [1076.74064739, 0.00000000, 210.98264967, 0.00000000, 1075.17825536, 160.59181836, 0.00000000, 0.00000000, 1.00000000]
  cam_R_m2c: [0.67414877, -0.73670825, -0.05276771, -0.73815988, -0.66957644, -0.08238971, 0.02536524, 0.09449395, -0.99520243]
  cam_t_m2c: [-6.40685816, 23.23520172, 629.23008598]
  elev: 85
  mode: 0
  obj_bb: [76, 75, 245, 250]
63:
  cam_K: [1076.74064739, 0.00000000, 210.98264967, 0.00000000, 1075.17825536, 160.59181836, 0.00000000, 0.00000000, 1.00000000]
  cam_R_m2c: [0.73554763, -0.67554957, -0.05100926, -0.67719087, -0.73098543, -0.08409730, 0.01952489, 0.09640060, -0.99515084]
  cam_t_m2c: [-6.36189580, 23.11867632, 629.25571363]
  elev: 85
  mode: 0
  obj_bb: [73, 77, 250, 245]
64:
  cam_K: [1076.74064739, 0.00000000, 210.98264967, 0.00000000, 1075.17825536, 160.59181836, 0.00000000, 0.00000000, 1.00000000]
  cam_R_m2c: [0.79144045, -0.60925720, -0.04927933, -0.61109954, -0.78690678, -0.08564776, 0.01340328, 0.09789961, -0.99510580]
  cam_t_m2c: [-6.33928066, 22.98071568, 629.26768476]
  elev: 85
  mode: 0
  obj_bb: [72, 79, 253, 239]
65:
  cam_K: [1076.74064739, 0.00000000, 210.98264967, 0.00000000, 1075.17825536, 160.59181836, 0.00000000, 0.00000000, 1.00000000]
  cam_R_m2c: [0.84143915, -0.53827381, -0.04734406, -0.54030057, -0.83692704, -0.08734326, 0.00739105, 0.09907402, -0.99505229]
  cam_t_m2c: [-6.28722600, 22.81289486, 629.32249644]
  elev: 85
  mode: 0
  obj_bb: [72, 83, 254, 231]
66:
  cam_K: [1076.74064739, 0.00000000, 210.98264967, 0.00000000, 1075.17825536, 161.59181836, 0.00000000, 0.00000000, 1.00000000]
  cam_R_m2c: [0.88501988, -0.46331739, -0.04558084, -0.46555301, -0.88057260, -0.08861218, 0.00091826, 0.09964381, -0.99502241]
  cam_t_m2c: [-6.25451262, 22.68863994, 629.35688718]
  elev: 85
  mode: 0
  obj_bb: [73, 88, 252, 222]
67:
  cam_K: [1076.74064739, 0.00000000, 210.98264967, 0.00000000, 1075.17825536, 161.59181836, 0.00000000, 0.00000000, 1.00000000]
  cam_R_m2c: [0.92254637, -0.38342589, -0.04351127, -0.38584925, -0.91815208, -0.09009307, -0.00540596, 0.09990372, -0.99498271]
  cam_t_m2c: [-6.20862311, 22.52366379, 629.45517186]
  elev: 85
  mode: 0
  obj_bb: [74, 94, 250, 209]
68:
  cam_K: [1076.74064739, 0.00000000, 210.98264967, 0.00000000, 1075.17825536, 161.59181836, 0.00000000, 0.00000000, 1.00000000]
  cam_R_m2c: [0.95241993, -0.30197066, -0.04136096, -0.30456690, -0.94811047, -0.09124630, -0.01166103, 0.09950187, -0.99496936]
  cam_t_m2c: [-6.14097534, 22.40768511, 629.50373521]
  elev: 85
  mode: 0
  obj_bb: [77, 100, 245, 196]
69:
  cam_K: [1076.74064739, 0.00000000, 209.98264967, 0.00000000, 1075.17825536, 161.59181836, 0.00000000, 0.00000000, 1.00000000]
  cam_R_m2c: [0.97479995, -0.21957423, -0.03940835, -0.22234832, -0.97062981, -0.09186677, -0.01807941, 0.09831403, -0.99499153]
  cam_t_m2c: [-6.08173933, 22.29079799, 629.59717972]
  elev: 85
  mode: 0
  obj_bb: [80, 107, 238, 182]
70:
  cam_K: [1076.74064739, 0.00000000, 209.98264967, 0.00000000, 1075.17825536, 161.59181836, 0.00000000, 0.00000000, 1.00000000]
  cam_R_m2c: [0.99061726, -0.13150587, -0.03718881, -0.13443745, -0.98662098, -0.09222129, -0.02456368, 0.09635560, -0.99504384]
  cam_t_m2c: [-6.01684264, 22.15992423, 629.62767603]
  elev: 85
  mode: 0
  obj_bb: [84, 115, 230, 165]
71:
  cam_K: [1076.74064739, 0.00000000, 209.98264967, 0.00000000, 1075.17825536, 162.59181836, 0.00000000, 0.00000000, 1.00000000]
  cam_R_m2c: [0.99836999, -0.04523488, -0.03481397, -0.04827592, -0.99457479, -0.09213890, -0.03045727, 0.09366934, -0.99513749]
  cam_t_m2c: [-5.91119551, 22.06703974, 629.64573843]
  elev: 85
  mode: 0
  obj_bb: [87, 124, 222, 149]
72:
  cam_K: [1076.74064739, 0.00000000, 209.98264967, 0.00000000, 1075.17825536, 175.59181836, 0.00000000, 0.00000000, 1.00000000]
  cam_R_m2c: [0.99950698, 0.00631271, -0.03074664, -0.00216553, -0.96336352, -0.26818900, -0.03131324, 0.26812318, -0.96287507]
  cam_t_m2c: [-6.01197060, 14.17763178, 629.19184323]
  elev: 75
  mode: 0
  obj_bb: [87, 126, 220, 137]
73:
  cam_K: [1076.74064739, 0.00000000, 209.98264967, 0.00000000, 1075.17825536, 175.59181836, 0.00000000, 0.00000000, 1.00000000]
  cam_R_m2c: [0.99529797, 0.09249157, -0.02876678, 0.08144848, -0.95989722, -0.26825850, -0.05242477, 0.26465386, -0.96291724]
  cam_t_m2c: [-5.98905247, 14.09101663, 629.37158082]
  elev: 75
  mode: 0
  obj_bb: [84, 118, 226, 153]
74:
  cam_K: [1076.74064739, 0.00000000, 209.98264967, 0.00000000, 1075.17825536, 175.59181836, 0.00000000, 0.00000000, 1.00000000]
  cam_R_m2c: [0.98365162, 0.17810901, -0.02659725, 0.16470497, -0.94950062, -0.26705901, -0.07281988, 0.25831295, -0.96331302]
  cam_t_m2c: [-5.87959568, 14.03874093, 629.32986022]
  elev: 75
  mode: 0
  obj_bb: [80, 111, 235, 169]
75:
  cam_K: [1076.74064739, 0.00000000, 209.98264967, 0.00000000, 1075.17825536, 175.59181836, 0.00000000, 0.00000000, 1.00000000]
  cam_R_m2c: [0.96382424, 0.26541110, -0.02448712, 0.24957715, -0.93092468, -0.26662845, -0.09356185, 0.25087183, -0.96348836]
  cam_t_m2c: [-5.77631690, 13.96183425, 629.39510349]
  elev: 75
  mode: 0
  obj_bb: [77, 103, 242, 184]
76:
  cam_K: [1076.74064739, 0.00000000, 209.98264967, 0.00000000, 1075.17825536, 176.59181836, 0.00000000, 0.00000000, 1.00000000]
  cam_R_m2c: [0.93786898, 0.34625053, -0.02265322, 0.32822046, -0.90642550, -0.26582789, -0.11257592, 0.24187655, -0.96375420]
  cam_t_m2c: [-5.68616426, 13.89971324, 629.39495429]
  elev: 75
  mode: 0
  obj_bb: [74, 98, 248, 197]
77:
  cam_K: [1076.74064739, 0.00000000, 209.98264967, 0.00000000, 1075.17825536, 176.59181836, 0.00000000, 0.00000000, 1.00000000]
  cam_R_m2c: [0.90377169, 0.42752347, -0.02052736, 0.40743177, -0.87401215, -0.26476736, -0.13113510, 0.23092541, -0.96409346]
  cam_t_m2c: [-5.53826412, 13.83119309, 629.35580013]
  elev: 75
  mode: 0
  obj_bb: [73, 92, 252, 210]
78:
  cam_K: [1076.74064739, 0.00000000, 208.98264967, 0.00000000, 1075.17825536, 176.59181836, 0.00000000, 0.00000000, 1.00000000]
  cam_R_m2c: [0.86189496, 0.50674268, -0.01870250, 0.48472112, -0.83415075, -0.26313282, -0.14894067, 0.21772680, -0.96457794]
  cam_t_m2c: [-5.42590244, 13.79558003, 629.30983018]
  elev: 75
  mode: 0
  obj_bb: [72, 86, 253, 221]
79:
  cam_K: [1076.74064739, 0.00000000, 208.98264967, 0.00000000, 1075.17825536, 176.59181836, 0.00000000, 0.00000000, 1.00000000]
  cam_R_m2c: [0.81480353, 0.57949028, -0.01689075, 0.55567454, -0.78896032, -0.26223416, -0.16528801, 0.20428341, -0.96485642]
  cam_t_m2c: [-5.26776803, 13.74810136, 629.29195712]
  elev: 75
  mode: 0
  obj_bb: [72, 82, 254, 230]
80:
  cam_K: [1076.74064739, 0.00000000, 208.98264967, 0.00000000, 1075.17825536, 176.59181836, 0.00000000, 0.00000000, 1.00000000]
  cam_R_m2c: [0.76353698, 0.64558363, -0.01525791, 0.62019405, -0.73968174, -0.26120952, -0.17991878, 0.18998035, -0.96516119]
  cam_t_m2c: [-5.13153450, 13.70510810, 629.27268575]
  elev: 75
  mode: 0
  obj_bb: [74, 79, 252, 236]
81:
  cam_K: [1076.74064739, 0.00000000, 208.98264967, 0.00000000, 1075.17825536, 176.59181836, 0.00000000, 0.00000000, 1.00000000]
  cam_R_m2c: [0.70261818, 0.71143925, -0.01349284, 0.68458982, -0.68103089, -0.25987041, -0.19407125, 0.17335276, -0.96554905]
  cam_t_m2c: [-4.96127849, 13.70773095, 629.24261981]
  elev: 75
  mode: 0
  obj_bb: [76, 76, 248, 242]
82:
  cam_K: [1076.74064739, 0.00000000, 207.98264967, 0.00000000, 1075.17825536, 176.59181836, 0.00000000, 0.00000000, 1.00000000]
  cam_R_m2c: [0.63943882, 0.76874683, -0.01206887, 0.74069393, -0.62016084, -0.25840439, -0.20613189, 0.15629388, -0.96596116]
  cam_t_m2c: [-4.83116487, 13.69099627, 629.18566546]
  elev: 75
  mode: 0
  obj_bb: [79, 74, 242, 246]
83:
  cam_K: [1076.74064739, 0.00000000, 207.98264967, 0.00000000, 1075.17825536, 176.59181836, 0.00000000, 0.00000000, 1.00000000]
  cam_R_m2c: [0.57040983, 0.82129129, -0.01063330, 0.79215730, -0.55350488, -0.25713588, -0.21706886, 0.13824893, -0.96631658]
  cam_t_m2c: [-4.67131331, 13.69766511, 629.16704177]
  elev: 75
  mode: 0
  obj_bb: [83, 74, 235, 247]
84:
  cam_K: [1076.74064739, 0.00000000, 207.98264967, 0.00000000, 1075.17825536, 176.59181836, 0.00000000, 0.00000000, 1.00000000]
  cam_R_m2c: [0.49579613, 0.86838622, -0.00951332, 0.83843083, -0.48149079, -0.25534558, -0.22631900, 0.11862303, -0.96680319]
  cam_t_m2c: [-4.55157727, 13.71793581, 629.10266189]
  elev: 75
  mode: 0
  obj_bb: [88, 74, 226, 247]
85:
  cam_K: [1076.74064739, 0.00000000, 207.98264967, 0.00000000, 1075.17825536, 176.59181836, 0.00000000, 0.00000000, 1.00000000]
  cam_R_m2c: [0.41716066, 0.90879501, -0.00825814, 0.87818761, -0.40541711, -0.25381815, -0.23401687, 0.09863103, -0.96721706]
  cam_t_m2c: [-4.38812531, 13.76696841, 629.06681135]
  elev: 75
  mode: 0
  obj_bb: [94, 75, 215, 245]
86:
  cam_K: [1076.74064739, 0.00000000, 206.98264967, 0.00000000, 1075.17825536, 176.59181836, 0.00000000, 0.00000000, 1.00000000]
  cam_R_m2c: [0.33666945, 0.94159250, -0.00752981, 0.91044841, -0.32755380, -0.25257055, -0.24028463, 0.07817709, -0.96754965]
  cam_t_m2c: [-4.28323767, 13.81459518, 629.06568279]
  elev: 75
  mode: 0
  obj_bb: [100, 76, 202, 242]
87:
  cam_K: [1076.74064739, 0.00000000, 206.98264967, 0.00000000, 1075.17825536, 176.59181836, 0.00000000, 0.00000000, 1.00000000]
  cam_R_m2c: [0.25361919, 0.96727880, -0.00694778, 0.93599052, -0.24721571, -0.25061286, -0.24413053, 0.05705724, -0.96806284]
  cam_t_m2c: [-4.18847441, 13.87548729, 629.04713351]
  elev: 75
  mode: 0
  obj_bb: [107, 78, 188, 237]
88:
  cam_K: [1076.74064739, 0.00000000, 206.98264967, 0.00000000, 1075.17825536, 176.59181836, 0.00000000, 0.00000000, 1.00000000]
  cam_R_m2c: [0.16717650, 0.98590953, -0.00589611, 0.95480398, -0.16338726, -0.24830062, -0.24576487, 0.03588041, -0.96866556]
  cam_t_m2c: [-3.99302779, 13.98871680, 629.00598639]
  elev: 75
  mode: 0
  obj_bb: [115, 79, 172, 233]
89:
  cam_K: [1076.74064739, 0.00000000, 206.98264967, 0.00000000, 1075.17825536, 175.59181836, 0.00000000, 0.00000000, 1.00000000]
  cam_R_m2c: [0.08098752, 0.99669982, -0.00543006, 0.96595049, -0.07982978, -0.24610301, -0.24572398, 0.01468611, -0.96922849]
  cam_t_m2c: [-3.87030092, 14.03682725, 629.03869129]
  elev: 75
  mode: 0
  obj_bb: [124, 80, 155, 228]
90:
  cam_K: [1076.74064739, 0.00000000, 206.98264967, 0.00000000, 1075.17825536, 175.59181836, 0.00000000, 0.00000000, 1.00000000]
  cam_R_m2c: [-0.00589008, 0.99996898, -0.00522104, 0.97000667, 0.00444458, -0.24303910, -0.24300914, -0.00649600, -0.97000240]
  cam_t_m2c: [-3.75111065, 14.14582793, 628.84176458]
  elev: 75
  mode: 0
  obj_bb: [128, 83, 142, 224]
91:
  cam_K: [1076.74064739, 0.00000000, 205.98264967, 0.00000000, 1075.17825536, 175.59181836, 0.00000000, 0.00000000, 1.00000000]
  cam_R_m2c: [-0.09544986, 0.99541842, -0.00561026, 0.96615986, 0.09128458, -0.24125087, -0.23963349, -0.02844769, -0.97044663]
  cam_t_m2c: [-3.73618428, 14.23150331, 628.93055443]
  elev: 75
  mode: 0
  obj_bb: [118, 80, 158, 229]
92:
  cam_K: [1076.74064739, 0.00000000, 205.98264967, 0.00000000, 1075.17825536, 175.59181836, 0.00000000, 0.00000000, 1.00000000]
  cam_R_m2c: [-0.17983523, 0.98367975, -0.00571288, 0.95548312, 0.17329298, -0.23879375, -0.23390621, -0.04840195, -0.97105372]
  cam_t_m2c: [-3.61915508, 14.34059767, 628.86388674]
  elev: 75
  mode: 0
  obj_bb: [110, 79, 175, 233]
93:
  cam_K: [1076.74064739, 0.00000000, 205.98264967, 0.00000000, 1075.17825536, 175.59181836, 0.00000000, 0.00000000, 1.00000000]
  cam_R_m2c: [-0.26441918, 0.96438662, -0.00635611, 0.93739664, 0.25545876, -0.23670125, -0.22664820, -0.06854654, -0.97156145]
  cam_t_m2c: [-3.57621428, 14.44611124, 628.84185270]
  elev: 75
  mode: 0
  obj_bb: [102, 78, 191, 238]
94:
  cam_K: [1076.74064739, 0.00000000, 205.98264967, 0.00000000, 1075.17825536, 175.59181836, 0.00000000, 0.00000000, 1.00000000]
  cam_R_m2c: [-0.34852786, 0.93727088, -0.00716036, 0.91185893, 0.33729005, -0.23398288, -0.21689047, -0.08807929, -0.97221436]
  cam_t_m2c: [-3.52926116, 14.54856235, 628.75515649]
  elev: 75
  mode: 0
  obj_bb: [95, 76, 205, 244]
95:
  cam_K: [1076.74064739, 0.00000000, 205.98264967, 0.00000000, 1075.17825536, 174.59181836, 0.00000000, 0.00000000, 1.00000000]
  cam_R_m2c: [-0.42998922, 0.90279891, -0.00794525, 0.87901664, 0.41662120, -0.23185682, -0.20601079, -0.10668033, -0.97271735]
  cam_t_m2c: [-3.44730166, 14.66445207, 628.71328207]
  elev: 75
  mode: 0
  obj_bb: [89, 74, 217, 247]
96:
  cam_K: [1076.74064739, 0.00000000, 205.98264967, 0.00000000, 1075.17825536, 174.59181836, 0.00000000, 0.00000000, 1.00000000]
  cam_R_m2c: [-0.50527514, 0.86291178, -0.00899938, 0.84089919, 0.48998940, -0.22978143, -0.19387212, -0.12367029, -0.97320074]
  cam_t_m2c: [-3.39864376, 14.77172436, 628.69075770]
  elev: 75
  mode: 0
  obj_bb: [84, 73, 228, 249]
97:
  cam_K: [1076.74064739, 0.00000000, 205.98264967, 0.00000000, 1075.17825536, 174.59181836, 0.00000000, 0.00000000, 1.00000000]
  cam_R_m2c: [-0.57822007, 0.81581722, -0.01016396, 0.79572877, 0.56114306, -0.22788984, -0.18021339, -0.13985800, -0.97363381]
  cam_t_m2c: [-3.35287807, 14.88928665, 628.66150683]
  elev: 75
  mode: 0
  obj_bb: [80, 73, 236, 249]
98:
  cam_K: [1076.74064739, 0.00000000, 205.98264967, 0.00000000, 1075.17825536, 174.59181836, 0.00000000, 0.00000000, 1.00000000]
  cam_R_m2c: [-0.64811349, 0.76145735, -0.01143762, 0.74345439, 0.62939245, -0.22614307, -0.16499911, -0.15506982, -0.97402703]
  cam_t_m2c: [-3.29126797, 15.01286623, 628.62639424]
  elev: 75
  mode: 0
  obj_bb: [77, 74, 243, 247]
99:
  cam_K: [1076.74064739, 0.00000000, 205.98264967, 0.00000000, 1075.17825536, 174.59181836, 0.00000000, 0.00000000, 1.00000000]
  cam_R_m2c: [-0.71182231, 0.70224261, -0.01278911, 0.68638699, 0.69165917, -0.22467879, -0.14893350, -0.16870950, -0.97434847]
  cam_t_m2c: [-3.23263909, 15.13994138, 628.57740793]
  elev: 75
  mode: 0
  obj_bb: [74, 76, 250, 244]
100:
  cam_K: [1076.74064739, 0.00000000, 205.98264967, 0.00000000, 1075.17825536, 173.59181836, 0.00000000, 0.00000000, 1.00000000]
  cam_R_m2c: [-0.77007032, 0.63779546, -0.01444464, 0.62420581, 0.74859959, -0.22353269, -0.13175528, -0.18115213, -0.97458907]
  cam_t_m2c: [-3.22404138, 15.25694834, 628.56430515]
  elev: 75
  mode: 0
  obj_bb: [73, 78, 253, 238]
101:
  cam_K: [1076.74064739, 0.00000000, 205.98264967, 0.00000000, 1075.17825536, 173.59181836, 0.00000000, 0.00000000, 1.00000000]
  cam_R_m2c: [-0.82337605, 0.56726436, -0.01618709, 0.55607489, 0.80078437, -0.22254139, -0.11327686, -0.19223599, -0.97478867]
  cam_t_m2c: [-3.20371161, 15.39970681, 628.56592782]
  elev: 75
  mode: 0
  obj_bb: [72, 81, 255, 232]
102:
  cam_K: [1076.74064739, 0.00000000, 205.98264967, 0.00000000, 1075.17825536, 173.59181836, 0.00000000, 0.00000000, 1.00000000]
  cam_R_m2c: [-0.86867582, 0.49505534, -0.01792572, 0.48624579, 0.84518394, -0.22187720, -0.09469090, -0.20145525, -0.97490950]
  cam_t_m2c: [-3.20405001, 15.52501035, 628.54847010]
  elev: 75
  mode: 0
  obj_bb: [73, 86, 254, 222]
103:
  cam_K: [1076.74064739, 0.00000000, 205.98264967, 0.00000000, 1075.17825536, 173.59181836, 0.00000000, 0.00000000, 1.00000000]
  cam_R_m2c: [-0.90895239, 0.41642303, -0.01994495, 0.41017106, 0.88469538, -0.22152619, -0.07460330, -0.20953709, -0.97495022]
  cam_t_m2c: [-3.22705589, 15.67665789, 628.55269498]
  elev: 75
  mode: 0
  obj_bb: [74, 91, 252, 212]
104:
  cam_K: [1076.74064739, 0.00000000, 205.98264967, 0.00000000, 1075.17825536, 173.59181836, 0.00000000, 0.00000000, 1.00000000]
  cam_R_m2c: [-0.94158357, 0.33605803, -0.02205226, 0.33237649, 0.91671972, -0.22170054, -0.05428820, -0.21607863, -0.97486568]
  cam_t_m2c: [-3.27117238, 15.78430143, 628.65692994]
  elev: 75
  mode: 0
  obj_bb: [76, 97, 248, 200]
105:
  cam_K: [1076.74064739, 0.00000000, 205.98264967, 0.00000000, 1075.17825536, 172.59181836, 0.00000000, 0.00000000, 1.00000000]
  cam_R_m2c: [-0.96867399, 0.24715132, -0.02424418, 0.24630116, 0.94366454, -0.22098174, -0.03173776, -0.22003059, -0.97497646]
  cam_t_m2c: [-3.32011801, 15.93291657, 628.61841555]
  elev: 75
  mode: 0
  obj_bb: [80, 104, 241, 184]
106:
  cam_K: [1076.74064739, 0.00000000, 205.98264967, 0.00000000, 1075.17825536, 172.59181836, 0.00000000, 0.00000000, 1.00000000]
  cam_R_m2c: [-0.98562303, 0.16696631, -0.02586077, 0.16853514, 0.96075660, -0.22032164, -0.01194050, -0.22151268, -0.97508433]
  cam_t_m2c: [-3.33691103, 16.08480084, 628.62183075]
  elev: 75
  mode: 0
  obj_bb: [84, 111, 233, 170]
107:
  cam_K: [1076.74064739, 0.00000000, 205.98264967, 0.00000000, 1075.17825536, 172.59181836, 0.00000000, 0.00000000, 1.00000000]
  cam_R_m2c: [-0.99631758, 0.08100978, -0.02807489, 0.08521441, 0.97174206, -0.22012598, 0.00944916, -0.22170768, -0.97506720]
  cam_t_m2c: [-3.43484977, 16.20432893, 628.66757250]
  elev: 75
  mode: 0
  obj_bb: [86, 119, 226, 154]
108:
  cam_K: [1076.74064739, 0.00000000, 205.98264967, 0.00000000, 1075.17825536, 172.59181836, 0.00000000, 0.00000000, 1.00000000]
  cam_R_m2c: [-0.99952490, -0.00710929, -0.02999532, -0.00035426, 0.97562816, -0.21943194, 0.03082425, -0.21931677, -0.97516642]
  cam_t_m2c: [-3.47357470, 16.32540353, 628.53974784]
  elev: 75
  mode: 0
  obj_bb: [87, 127, 221, 138]
109:
  cam_K: [1076.74064739, 0.00000000, 205.98264967, 0.00000000, 1075.17825536, 171.59181836, 0.00000000, 0.00000000, 1.00000000]
  cam_R_m2c: [-0.99509013, -0.09350203, -0.03245764, -0.08413428, 0.97182459, -0.22017647, 0.05213005, -0.21636530, -0.97491982]
